1.755900000000000318e+02 -3.732429999999999382e+01
1.758830000000000382e+02 -3.753620000000002221e+01
1.760929999999999325e+02 -3.768719999999999004e+01
1.763039999999999736e+02 -3.783780000000001564e+01
1.765160000000000764e+02 -3.798800000000001376e+01
1.766860000000001492e+02 -3.810779999999999745e+01
1.768570000000001130e+02 -3.822749999999999204e+01
1.770280000000000769e+02 -3.834680000000000177e+01
1.772000000000000739e+02 -3.846590000000000487e+01
1.773720000000001278e+02 -3.858480000000000132e+01
1.775450000000000728e+02 -3.870330000000001291e+01
1.777189999999999372e+02 -3.882159999999998945e+01
1.778929999999999438e+02 -3.893970000000001619e+01
1.781550000000002001e+02 -3.911619999999999209e+01
1.752850000000000250e+02 -3.759040000000000248e+01
1.755780000000000598e+02 -3.780310000000001480e+01
1.757880000000000393e+02 -3.795459999999999923e+01
1.759999999999998579e+02 -3.810570000000004143e+01
1.762120000000000744e+02 -3.825650000000001683e+01
1.763819999999998629e+02 -3.837680000000000291e+01
1.765529999999999404e+02 -3.849680000000000746e+01
1.767240000000000748e+02 -3.861660000000000537e+01
1.768960000000000719e+02 -3.873619999999999663e+01
1.770689999999998463e+02 -3.885540000000003147e+01
1.772419999999999902e+02 -3.897450000000000614e+01
1.774160000000000537e+02 -3.909319999999999595e+01
1.775900000000000603e+02 -3.921170000000000755e+01
1.778519999999998333e+02 -3.938890000000000668e+01
1.750549999999999500e+02 -3.778940000000001476e+01
1.753479999999999563e+02 -3.800270000000000437e+01
1.755580000000000211e+02 -3.815460000000001628e+01
1.757700000000000102e+02 -3.830619999999998981e+01
1.759820000000000277e+02 -3.845730000000000359e+01
1.761519999999999868e+02 -3.857800000000000296e+01
1.763229999999999791e+02 -3.869830000000001746e+01
1.764950000000000614e+02 -3.881850000000000023e+01
1.766670000000000300e+02 -3.893829999999999814e+01
1.768390000000000555e+02 -3.905789999999998940e+01
1.770129999999999484e+02 -3.917730000000000246e+01
1.771869999999999266e+02 -3.929640000000000555e+01
1.773609999999999332e+02 -3.941519999999999868e+01
1.776240000000000236e+02 -3.959289999999998599e+01
1.748230000000000359e+02 -3.798800000000001376e+01
1.751170000000000471e+02 -3.820189999999999486e+01
1.753269999999999413e+02 -3.835419999999999163e+01
1.755380000000000393e+02 -3.850620000000000687e+01
1.757510000000000332e+02 -3.865770000000000550e+01
1.759209999999998786e+02 -3.877870000000004325e+01
1.760919999999999845e+02 -3.889940000000001419e+01
1.762639999999999532e+02 -3.901990000000000691e+01
1.764360000000001207e+02 -3.914009999999996126e+01
1.766090000000000089e+02 -3.925999999999999091e+01
1.767819999999998402e+02 -3.937970000000001392e+01
1.769560000000001025e+02 -3.949909999999999854e+01
1.771309999999998581e+02 -3.961820000000000164e+01
1.773939999999998633e+02 -3.979640000000000555e+01
1.745909999999999513e+02 -3.818610000000001037e+01
1.748839999999999577e+02 -3.840049999999999386e+01
1.750950000000000557e+02 -3.855330000000000723e+01
1.753059999999999263e+02 -3.870570000000000732e+01
1.755179999999999723e+02 -3.885769999999999413e+01
1.756889999999999645e+02 -3.897899999999998499e+01
1.758599999999999568e+02 -3.909999999999999432e+01
1.760319999999999823e+02 -3.922079999999999700e+01
1.762040000000000077e+02 -3.934129999999998972e+01
1.763770000000000664e+02 -3.946160000000000423e+01
1.765509999999998740e+02 -3.958160000000000878e+01
1.767250000000000227e+02 -3.970140000000000668e+01
1.768989999999998872e+02 -3.982079999999999131e+01
1.771619999999999777e+02 -3.999950000000001182e+01
1.743569999999999993e+02 -3.838370000000000459e+01
1.746500000000000057e+02 -3.859879999999998290e+01
1.748609999999999616e+02 -3.875190000000000623e+01
1.750719999999999459e+02 -3.890469999999999118e+01
1.752850000000000250e+02 -3.905709999999999127e+01
1.754560000000000173e+02 -3.917879999999999541e+01
1.756269999999999243e+02 -3.930009999999998627e+01
1.757989999999999782e+02 -3.942130000000000223e+01
1.759710000000000036e+02 -3.954210000000000491e+01
1.761440000000000339e+02 -3.966280000000000427e+01
1.763179999999999552e+02 -3.978309999999999036e+01
1.764920000000001039e+02 -3.990319999999999823e+01
1.766670000000001153e+02 -4.002299999999999613e+01
1.769300000000001205e+02 -4.020220000000000482e+01
1.740430000000000064e+02 -3.864639999999999986e+01
1.743360000000000696e+02 -3.886230000000000473e+01
1.745470000000000255e+02 -3.901599999999999113e+01
1.747590000000000714e+02 -3.916939999999999600e+01
1.749709999999999468e+02 -3.932229999999998427e+01
1.751419999999998822e+02 -3.944440000000000168e+01
1.753140000000000498e+02 -3.956630000000001246e+01
1.754850000000000136e+02 -3.968780000000000996e+01
1.756579999999999586e+02 -3.980920000000000414e+01
1.758309999999999604e+02 -3.993020000000001346e+01
1.760050000000000239e+02 -4.005099999999998772e+01
1.761789999999999168e+02 -4.017150000000000887e+01
1.763540000000000418e+02 -4.029179999999999495e+01
1.766180000000001371e+02 -4.047159999999999513e+01
1.737269999999999470e+02 -3.890819999999999368e+01
1.740200000000000387e+02 -3.912490000000002510e+01
1.742310000000000230e+02 -3.927920000000000300e+01
1.744429999999999552e+02 -3.943309999999999604e+01
1.746549999999999159e+02 -3.958670000000000755e+01
1.748259999999999366e+02 -3.970920000000000982e+01
1.749980000000000189e+02 -3.983150000000003388e+01
1.751700000000000443e+02 -3.995350000000001955e+01
1.753419999999999561e+02 -4.007529999999999859e+01
1.755160000000000196e+02 -4.019679999999999609e+01
1.756900000000000261e+02 -4.031810000000004379e+01
1.758640000000000043e+02 -4.043909999999999627e+01
1.760389999999999873e+02 -4.055979999999999563e+01
1.763029999999999688e+02 -4.074029999999999063e+01
1.734079999999999302e+02 -3.916919999999998936e+01
1.737020000000000550e+02 -3.938659999999998718e+01
1.739129999999999541e+02 -3.954149999999998499e+01
1.741239999999999384e+02 -3.969599999999999795e+01
1.743370000000000459e+02 -3.985009999999999764e+01
1.745080000000000098e+02 -3.997309999999998809e+01
1.746800000000000352e+02 -4.009590000000000032e+01
1.748520000000000323e+02 -4.021840000000000259e+01
1.750240000000000009e+02 -4.034059999999999491e+01
1.751980000000000359e+02 -4.046260000000000900e+01
1.753720000000000425e+02 -4.058429999999998472e+01
1.755470000000000255e+02 -4.070580000000001064e+01
1.757219999999999800e+02 -4.082689999999999486e+01
1.759860000000000184e+02 -4.100819999999998799e+01
