 179.09571790  -39.47310499   -4.83322716
 179.04000000  -39.46000000   -4.87641132
 178.98430309  -39.44686843   -5.04227122
 178.92862721  -39.43371030   -5.27284968
 178.87297238  -39.42052565   -5.49200112
 178.81733861  -39.40731448   -5.76806260
 178.76172595  -39.39407683   -6.04939447
 178.70613440  -39.38081271   -6.31110228
 178.65056400  -39.36752215   -6.68799722
 178.59501477  -39.35420517   -7.00255123
 178.53948673  -39.34086180   -7.38213832
 178.48397991  -39.32749205   -7.79592579
 178.42849433  -39.31409595   -8.15485568
 178.37303001  -39.30067352   -8.56899077
 178.31758698  -39.28722478   -8.98408898
 178.26216526  -39.27374976   -9.37876997
 178.20676488  -39.26024848   -9.87769079
 178.15138584  -39.24672096  -10.36982113
 178.09602819  -39.23316723  -10.89873545
 178.04069195  -39.21958731  -11.41990213
 177.98537712  -39.20598121  -11.87201552
 177.93008375  -39.19234897  -12.32351932
 177.87481184  -39.17869060  -12.85474830
 177.81956143  -39.16500614  -13.31869762
 177.76433253  -39.15129559  -13.86895492
 177.70912516  -39.13755899  -14.34658628
 177.65393936  -39.12379636  -14.77332974
 177.59877513  -39.11000772  -15.42679541
 177.54363251  -39.09619309  -15.89978589
 177.48851151  -39.08235249  -16.62766266
 177.43341215  -39.06848596  -17.18029483
 177.37833446  -39.05459351  -17.84687149
 177.32327845  -39.04067517  -18.59031691
 177.26824416  -39.02673095  -19.29318805
 177.21323159  -39.01276089  -20.24759378
 177.15824077  -38.99876500  -21.20278526
 177.10327172  -38.98474330  -22.31163565
 177.04832447  -38.97069583  -23.85650811
 176.99339902  -38.95662261  -24.87552525
 176.93849541  -38.94252365  -26.49256573
 176.88361364  -38.92839898  -28.31061366
 176.82875375  -38.91424862  -29.89174875
 176.77391575  -38.90007260  -31.86596786
 176.71909966  -38.88587094  -33.94494449
 176.66430550  -38.87164367  -35.84300432
 176.60953330  -38.85739080  -38.31991197
 176.55478306  -38.84311236  -40.80794923
 176.50005481  -38.82880838  -42.90877185
 176.44534857  -38.81447887  -45.94241406
 176.39066436  -38.80012386  -48.14376434
 176.33600220  -38.78574337  -50.61980558
 176.28136210  -38.77133743  -53.42973248
 176.22674408  -38.75690606  -56.24626618
 176.17214817  -38.74244928  -58.38161957
 176.11757438  -38.72796712  -61.38358284
 176.06302272  -38.71345960  -64.53070727
 176.00849323  -38.69892675  -67.46429753
 175.95398591  -38.68436858  -70.33164520
 175.89950078  -38.66978512  -74.78031562
 175.84503787  -38.65517640  -77.98906978
 175.79059718  -38.64054243  -82.40021594
 175.73617874  -38.62588324  -87.46558349
 175.68178257  -38.61119886  -91.89333361
 175.62740868  -38.59648931  -97.16379847
 175.57305708  -38.58175461 -103.81581835
 175.51872781  -38.56699478 -109.65444348
 175.46442086  -38.55220985 -117.92294377
 175.41013627  -38.53739985 -125.31634584
 175.35587404  -38.52256479 -132.98932441
 175.30163420  -38.50770470 -144.95229251
 175.24741675  -38.49281960 -154.61297813
 175.19322173  -38.47790952 -169.31030466
 175.13904913  -38.46297449 -180.74965974
 175.08489899  -38.44801451 -193.74993751
 175.03077131  -38.43302963 -211.51375378
 174.97666611  -38.41801985 -226.66352116
 174.92258340  -38.40298521 -246.88284270
 174.86852321  -38.38792573 -267.15183268
 174.81448555  -38.37284144 -286.87806322
 174.76047043  -38.35773235 -313.35108717
 174.70647787  -38.34259849 -351.31556683
 174.65250788  -38.32743988 -370.86892168
 174.59856049  -38.31225656 -398.30262842
 174.54463569  -38.29704853 -433.92410240
 174.49073352  -38.28181583 -467.35317758
 174.43685398  -38.26655848 -496.28331191
 174.38299709  -38.25127650 -522.27657319
 174.32916286  -38.23596993 -543.70359677
 174.27535131  -38.22063877 -564.19356217
 174.22156245  -38.20528306 -581.73799963
 174.16779630  -38.18990281 -593.98370800
