 180.00000000  -37.40000000   -6.01383162
 179.94928627  -37.38003978   -6.36125465
 179.89859954  -37.36005791   -6.68072565
 179.84793981  -37.34005443   -7.04232395
 179.79730708  -37.32002936   -7.57505009
 179.74670133  -37.29998273   -7.94535397
 179.69612256  -37.27991456   -8.53008744
 179.64557078  -37.25982489   -9.05907684
 179.59504597  -37.23971374   -9.73968367
 179.54454813  -37.21958113  -10.50920467
 179.49407725  -37.19942710  -11.10310685
 179.44363333  -37.17925167  -12.03375570
 179.39321636  -37.15905486  -12.98549479
 179.34282634  -37.13883671  -13.98491243
 179.29246325  -37.11859725  -15.21383013
 179.24212711  -37.09833649  -16.27788128
 179.19181789  -37.07805447  -17.90401321
 179.14153559  -37.05775121  -19.15892723
 179.09128021  -37.03742674  -20.75993360
 179.04105174  -37.01708109  -22.65421206
 178.99085018  -36.99671428  -24.29024215
 178.94067551  -36.97632635  -26.69618502
 178.89052774  -36.95591731  -28.48148636
 178.84040685  -36.93548720  -30.77913717
 178.79031284  -36.91503603  -33.33597201
 178.74024570  -36.89456385  -35.51709963
 178.69020542  -36.87407068  -38.59940784
 178.64019200  -36.85355653  -41.04301487
 178.59020544  -36.83302145  -43.64191523
 178.54024571  -36.81246545  -46.66229543
 178.49031283  -36.79188857  -49.48467791
 178.44040677  -36.77129082  -52.88576339
 178.39052753  -36.75067225  -55.64020786
 178.34067511  -36.73003286  -59.43831086
 178.29084950  -36.70937270  -62.39927032
 178.24105068  -36.68869179  -65.92057764
 178.19127865  -36.66799014  -70.03539632
 178.14153341  -36.64726780  -73.48335122
 178.09181495  -36.62652479  -78.54398268
 178.04212325  -36.60576113  -82.26057636
 177.99245831  -36.58497686  -87.07532398
 177.94282012  -36.56417199  -92.46920670
 177.89320868  -36.54334655  -97.39470572
 177.84362397  -36.52250058 -103.80338235
 177.79406599  -36.50163409 -108.82197943
 177.74453472  -36.48074712 -115.00996526
 177.69503016  -36.45983969 -121.75806369
 177.64555231  -36.43891183 -128.25795092
 177.59610114  -36.41796356 -135.97679125
 177.54667666  -36.39699492 -141.45731513
 177.49727886  -36.37600592 -149.16335103
 177.44790771  -36.35499660 -156.97583095
 177.39856323  -36.33396697 -164.24314304
 177.34924539  -36.31291708 -173.30821734
 177.29995419  -36.29184694 -180.90759250
 177.25068961  -36.27075657 -188.74237772
 177.20145166  -36.24964602 -198.18296755
 177.15224031  -36.22851530 -205.14288385
 177.10305557  -36.20736444 -216.24329857
 177.05389741  -36.18619346 -223.74647498
 177.00476583  -36.16500240 -233.84671309
 176.95566083  -36.14379128 -243.87091182
 176.90658238  -36.12256012 -252.34458272
 176.85753049  -36.10130896 -265.07133756
 176.80850513  -36.08003781 -274.93289991
 176.75950631  -36.05874671 -287.72571986
 176.71053401  -36.03743569 -299.95610039
 176.66158821  -36.01610475 -314.02206364
 176.61266892  -35.99475395 -327.35939191
 176.56377611  -35.97338329 -345.91896761
 176.51490978  -35.95199281 -359.65208896
 176.46606992  -35.93058253 -370.69718338
 176.41725652  -35.90915248 -386.07297811
 176.36846956  -35.88770269 -403.73563564
 176.31970904  -35.86623318 -423.96516943
 176.27097495  -35.84474398 -447.43731795
 176.22226726  -35.82323511 -471.19154985
 176.17358598  -35.80170660 -491.50154339
 176.12493109  -35.78015848 -509.03802707
 176.07630258  -35.75859077 -524.07273514
 176.02770044  -35.73700350 -537.57817817
 175.97912466  -35.71539669 -550.45980234
 175.93057522  -35.69377038 -562.66108769
 175.88205211  -35.67212458 -574.28321701
 175.83355533  -35.65045933 -585.83210602
 175.78508486  -35.62877464 -594.32548575
 175.73664070  -35.60707055 -597.43000000
