 178.87000000  -39.89000000   -4.89850939
 178.81400844  -39.87673592   -5.01188739
 178.75803856  -39.86344493   -5.25442431
 178.70209038  -39.85012706   -5.52207846
 178.64616392  -39.83678231   -5.76510049
 178.59025921  -39.82341073   -6.12118679
 178.53437629  -39.81001232   -6.37361737
 178.47851516  -39.79658712   -6.69540448
 178.42267586  -39.78313515   -7.04136750
 178.36685840  -39.76965643   -7.36197142
 178.31106283  -39.75615098   -7.76168572
 178.25528915  -39.74261883   -8.16909489
 178.19953739  -39.72906000   -8.52177191
 178.14380758  -39.71547451   -9.00104852
 178.08809974  -39.70186239   -9.38444467
 178.03241390  -39.68822366   -9.79117420
 177.97675007  -39.67455834  -10.25819090
 177.92110829  -39.66086646  -10.72446210
 177.86548857  -39.64714804  -11.13313673
 177.80989093  -39.63340311  -11.56104802
 177.75431541  -39.61963168  -12.00834367
 177.69876202  -39.60583378  -12.47778049
 177.64323079  -39.59200944  -12.87241013
 177.58772174  -39.57815868  -13.39227823
 177.53223488  -39.56428151  -13.75739803
 177.47677025  -39.55037798  -14.16568114
 177.42132787  -39.53644809  -14.58615863
 177.36590776  -39.52249187  -14.95046514
 177.31050993  -39.50850935  -15.41312763
 177.25513442  -39.49450055  -15.89249557
 177.19978124  -39.48046550  -16.30773106
 177.14445042  -39.46640421  -16.95018057
 177.08914198  -39.45231671  -17.47702048
 177.03385593  -39.43820303  -18.08752527
 176.97859230  -39.42406318  -18.88031064
 176.92335112  -39.40989720  -19.74816819
 176.86813239  -39.39570510  -20.58217237
 176.81293615  -39.38148691  -21.61907916
 176.75776241  -39.36724266  -22.88419408
 176.70261120  -39.35297236  -24.33935542
 176.64748252  -39.33867605  -25.61693355
 176.59237642  -39.32435374  -27.61154036
 176.53729290  -39.31000545  -29.06848256
 176.48223198  -39.29563122  -30.79615850
 176.42719368  -39.28123107  -32.93326664
 176.37217804  -39.26680502  -34.71118254
 176.31718505  -39.25235309  -36.97210766
 176.26221475  -39.23787532  -38.93857465
 176.20726716  -39.22337171  -40.74393543
 176.15234228  -39.20884230  -43.33284217
 176.09744015  -39.19428711  -45.19531973
 176.04256078  -39.17970617  -47.70220179
 175.98770419  -39.16509950  -49.50925539
 175.93287039  -39.15046712  -51.41069493
 175.87805942  -39.13580905  -53.64091642
 175.82327128  -39.12112533  -55.42254515
 175.76850599  -39.10641597  -57.90898987
 175.71376358  -39.09168100  -59.99073195
 175.65904405  -39.07692045  -62.06884873
 175.60434744  -39.06213433  -65.35535313
 175.54967375  -39.04732267  -67.78532037
 175.49502300  -39.03248550  -71.26335400
 175.44039522  -39.01762284  -75.29760660
 175.38579042  -39.00273472  -79.09512292
 175.33120861  -38.98782115  -84.03721770
 175.27664982  -38.97288217  -88.45052597
 175.22211406  -38.95791779  -94.76534994
 175.16760135  -38.94292805  -99.31159872
 175.11311170  -38.92791296 -106.43872751
 175.05864514  -38.91287255 -114.51516348
 175.00420167  -38.89780684 -122.88107438
 174.94978132  -38.88271587 -130.95302870
 174.89538410  -38.86759964 -143.45091817
 174.84101003  -38.85245820 -153.03360010
 174.78665912  -38.83729156 -163.90433401
 174.73233140  -38.82209974 -177.64800164
 174.67802687  -38.80688277 -192.48759223
 174.62374555  -38.79164068 -203.34816477
 174.56948746  -38.77637349 -221.12866678
 174.51525261  -38.76108122 -239.41537733
 174.46104102  -38.74576390 -255.67944210
 174.40685271  -38.73042155 -274.31712614
 174.35268768  -38.71505420 -300.97176079
 174.29854596  -38.69966187 -320.20557218
 174.24442755  -38.68424459 -360.61062857
 174.19033248  -38.66880238 -374.91713799
 174.13626076  -38.65333527 -409.41264709
 174.08221241  -38.63784327 -444.71521535
 174.02818743  -38.62232642 -483.25908348
 173.97418584  -38.60678473 -516.56546564
 173.92020766  -38.59121825 -546.67772954
 173.86625289  -38.57562697 -570.13406468
 173.81232157  -38.56001094 -587.97153429
 173.75841369  -38.54437018 -595.14033746
