 181.71000000  -34.24000000   -8.39318304
 181.65858602  -34.22533380   -8.51005124
 181.60718996  -34.21064615   -8.73152304
 181.55581183  -34.19593708   -8.94404144
 181.50445163  -34.18120659   -9.17430890
 181.45310937  -34.16645472   -9.47621237
 181.40178507  -34.15168147   -9.85649904
 181.35047873  -34.13688688  -10.22951354
 181.29919037  -34.12207095  -10.69883750
 181.24791999  -34.10723370  -11.26022223
 181.19666760  -34.09237517  -11.88457526
 181.14543321  -34.07749536  -12.74913862
 181.09421684  -34.06259429  -13.70155270
 181.04301849  -34.04767199  -14.64879311
 180.99183817  -34.03272847  -15.93350257
 180.94067588  -34.01776376  -17.43996615
 180.88953165  -34.00277787  -18.96886385
 180.83840547  -33.98777082  -20.72650305
 180.78729736  -33.97274264  -23.01903005
 180.73620732  -33.95769333  -24.91898585
 180.68513537  -33.94262293  -27.39054586
 180.63408151  -33.92753144  -30.34903079
 180.58304575  -33.91241890  -32.82914945
 180.53202809  -33.89728531  -35.83329945
 180.48102856  -33.88213070  -39.32430710
 180.43004715  -33.86695509  -42.42426349
 180.37908388  -33.85175850  -45.85102382
 180.32813875  -33.83654094  -49.59864673
 180.27721177  -33.82130244  -53.04701282
 180.22630294  -33.80604302  -56.99779286
 180.17541229  -33.79076269  -60.35892469
 180.12453981  -33.77546147  -64.68439440
 180.07368551  -33.76013939  -69.16920039
 180.02284940  -33.74479646  -72.93001164
 179.97203149  -33.72943271  -77.57790692
 179.92123178  -33.71404815  -81.95150307
 179.87045029  -33.69864280  -87.11001033
 179.81968701  -33.68321669  -92.21214402
 179.76894196  -33.66776982  -97.19323798
 179.71821515  -33.65230223 -103.35432750
 179.66750658  -33.63681393 -109.25704197
 179.61681626  -33.62130494 -114.65720645
 179.56614419  -33.60577527 -121.91487268
 179.51549039  -33.59022496 -128.48922983
 179.46485486  -33.57465402 -134.48005928
 179.41423760  -33.55906246 -142.45283372
 179.36363863  -33.54345032 -150.07802520
 179.31305795  -33.52781760 -156.54301716
 179.26249556  -33.51216433 -165.28635026
 179.21195148  -33.49649052 -172.82333114
 179.16142571  -33.48079621 -180.47842194
 179.11091825  -33.46508139 -189.72277504
 179.06042912  -33.44934611 -197.99264411
 179.00995831  -33.43359037 -205.93253194
 178.95950584  -33.41781420 -215.10039161
 178.90907171  -33.40201761 -223.78943304
 178.85865593  -33.38620062 -231.56546310
 178.80825850  -33.37036326 -240.69709401
 178.75787943  -33.35450555 -249.47465793
 178.70751872  -33.33862749 -257.07296244
 178.65717639  -33.32272913 -265.97418021
 178.60685243  -33.30681046 -274.07388461
 178.55654685  -33.29087152 -282.13486002
 178.50625966  -33.27491232 -289.23162788
 178.45599086  -33.25893288 -298.66528024
 178.40574046  -33.24293322 -306.81331015
 178.35550846  -33.22691337 -314.01215990
 178.30529487  -33.21087333 -323.06915180
 178.25509970  -33.19481314 -331.49834922
 178.20492294  -33.17873281 -353.16624339
 178.15476461  -33.16263235 -361.22426409
 178.10462470  -33.14651180 -371.29769328
 178.05450323  -33.13037117 -382.25983403
 178.00440020  -33.11421048 -393.27045703
 177.95431561  -33.09802974 -403.43157761
 177.90424947  -33.08182899 -413.84705826
 177.85420178  -33.06560823 -423.98508837
 177.80417254  -33.04936750 -434.44108389
 177.75416177  -33.03310680 -443.55281203
 177.70416947  -33.01682616 -452.80565008
 177.65419563  -33.00052560 -462.04618520
 177.60424027  -32.98420513 -471.18263063
 177.55430338  -32.96786478 -479.96202071
 177.50438498  -32.95150457 -488.47233797
 177.45448507  -32.93512452 -497.06286672
 177.40460364  -32.91872464 -505.71490455
 177.35474071  -32.90230496 -513.76949356
 177.30489628  -32.88586550 -522.45124895
 177.25507035  -32.86940627 -530.89821921
 177.20526292  -32.85292730 -539.14641172
 177.15547400  -32.83642860 -547.78448947
 177.10570360  -32.81991020 -555.77799881
 177.05595171  -32.80337211 -564.55914561
 177.00621834  -32.78681436 -573.35707216
 176.95650350  -32.77023696 -581.95744306
 176.90680718  -32.75363994 -590.78151751
 176.85712939  -32.73702331 -595.87642412
