 181.23000000  -35.14000000   -8.33467582
 181.17862351  -35.12398431   -8.47470359
 181.12726724  -35.10794695   -8.68373925
 181.07593118  -35.09188794   -8.88488580
 181.02461536  -35.07580731   -9.17050517
 180.97331977  -35.05970506   -9.51090603
 180.92204442  -35.04358124   -9.83813449
 180.87078932  -35.02743584  -10.28699903
 180.81955448  -35.01126891  -10.85630864
 180.76833990  -34.99508046  -11.41217268
 180.71714560  -34.97887050  -12.12349743
 180.66597157  -34.96263907  -13.06406841
 180.61481782  -34.94638619  -13.99622409
 180.56368436  -34.93011187  -15.08600950
 180.51257120  -34.91381613  -16.56565042
 180.46147834  -34.89749900  -18.05072727
 180.41040579  -34.88116051  -19.72209761
 180.35935356  -34.86480066  -21.77146782
 180.30832164  -34.84841949  -23.96140603
 180.25731005  -34.83201701  -26.15753865
 180.20631880  -34.81559324  -28.89713201
 180.15534788  -34.79914822  -31.85411243
 180.10439731  -34.78268195  -34.49446747
 180.05346709  -34.76619446  -37.85145420
 180.00255722  -34.74968577  -41.67168131
 179.95166771  -34.73315591  -44.47748663
 179.90079857  -34.71660489  -48.32265760
 179.84994980  -34.70003274  -52.64093695
 179.79912141  -34.68343947  -57.14336506
 179.74831340  -34.66682511  -61.47017243
 179.69752578  -34.65018969  -64.82606783
 179.64675855  -34.63353321  -69.80587494
 179.59601171  -34.61685571  -74.59017093
 179.54528528  -34.60015721  -78.63709019
 179.49457925  -34.58343772  -83.84909348
 179.44389364  -34.56669727  -89.16189975
 179.39322844  -34.54993588  -93.80988482
 179.34258365  -34.53315357  -99.48267032
 179.29195930  -34.51635037 -105.36744057
 179.24135537  -34.49952629 -110.64951407
 179.19077188  -34.48268135 -116.78825053
 179.14020882  -34.46581558 -123.23776202
 179.08966620  -34.44892901 -129.13762731
 179.03914403  -34.43202164 -135.70561126
 178.98864231  -34.41509350 -142.68672237
 178.93816104  -34.39814462 -149.16284332
 178.88770023  -34.38117501 -157.26752990
 178.83725988  -34.36418470 -163.58003552
 178.78683999  -34.34717371 -170.57670733
 178.73644057  -34.33014206 -179.11332642
 178.68606162  -34.31308977 -185.74959487
 178.63570315  -34.29601686 -193.20198371
 178.58536515  -34.27892336 -202.11319981
 178.53504763  -34.26180929 -209.03099633
 178.48475060  -34.24467466 -216.90033599
 178.43447405  -34.22751950 -226.18308357
 178.38421800  -34.21034383 -233.39575695
 178.33398243  -34.19314768 -241.72381461
 178.28376737  -34.17593106 -251.48076883
 178.23357280  -34.15869399 -259.08444243
 178.18339873  -34.14143651 -268.20067861
 178.13324517  -34.12415862 -278.44668030
 178.08311211  -34.10686035 -287.85748171
 178.03299956  -34.08954172 -296.52599932
 177.98290752  -34.07220276 -307.68158582
 177.93283599  -34.05484348 -317.83708760
 177.88278498  -34.03746391 -327.49110291
 177.83275449  -34.02006407 -349.45819102
 177.78274451  -34.00264398 -360.02247944
 177.73275506  -33.98520366 -371.32970479
 177.68278613  -33.96774313 -382.70183115
 177.63283773  -33.95026241 -393.93295305
 177.58290985  -33.93276154 -404.25507045
 177.53300250  -33.91524052 -414.11040883
 177.48311568  -33.89769938 -424.18775578
 177.43324940  -33.88013814 -433.88926144
 177.38340364  -33.86255682 -443.04834343
 177.33357843  -33.84495545 -452.79354835
 177.28377374  -33.82733404 -461.87353565
 177.23398959  -33.80969262 -471.41938810
 177.18422599  -33.79203121 -480.59671651
 177.13448292  -33.77434983 -490.01835468
 177.08476039  -33.75664850 -499.17067144
 177.03505840  -33.73892724 -508.41496580
 176.98537695  -33.72118608 -518.11851341
 176.93571605  -33.70342504 -527.59436910
 176.88607569  -33.68564413 -536.40111269
 176.83645588  -33.66784339 -546.05590749
 176.78685660  -33.65002282 -555.79403490
 176.73727788  -33.63218246 -565.30528449
 176.68771969  -33.61432232 -574.59086518
 176.63818206  -33.59644243 -584.44951911
 176.58866497  -33.57854281 -592.85475580
 176.53916843  -33.56062347 -596.62761103
