 180.81000000  -36.25000000   -6.46817064
 180.75877891  -36.23224358   -6.58251431
 180.70758110  -36.21446533   -6.76718325
 180.65640656  -36.19666529   -6.94224218
 180.60525530  -36.17884347   -7.13783421
 180.55412732  -36.16099991   -7.40909683
 180.50302263  -36.14313462   -7.71689370
 180.45194122  -36.12524763   -8.05528522
 180.40088309  -36.10733896   -8.45657152
 180.34984826  -36.08940864   -8.89060349
 180.29883672  -36.07145669   -9.43903120
 180.24784847  -36.05348314  -10.10685568
 180.19688352  -36.03548800  -10.93163566
 180.14594186  -36.01747131  -11.91092897
 180.09502351  -35.99943309  -12.72571871
 180.04412846  -35.98137336  -14.08572582
 179.99325671  -35.96329215  -15.55779508
 179.94240827  -35.94518947  -16.97586279
 179.89158313  -35.92706536  -19.15829641
 179.84078130  -35.90891984  -20.86523682
 179.79000278  -35.89075293  -23.05151489
 179.73924757  -35.87256466  -25.79504553
 179.68851567  -35.85435505  -28.18454675
 179.63780709  -35.83612412  -30.79551122
 179.58712181  -35.81787190  -34.05064275
 179.53645985  -35.79959842  -36.84362075
 179.48582121  -35.78130369  -40.47691216
 179.43520588  -35.76298774  -43.40846183
 179.38461386  -35.74465060  -46.70183437
 179.33404516  -35.72629229  -50.71147467
 179.28349978  -35.70791283  -53.83587434
 179.23297771  -35.68951224  -57.60940849
 179.18247896  -35.67109056  -61.84478252
 179.13200353  -35.65264780  -65.72727446
 179.08155142  -35.63418399  -70.15761725
 179.03112262  -35.61569916  -74.13676170
 178.98071714  -35.59719332  -78.44387655
 178.93033497  -35.57866651  -83.58544970
 178.87997613  -35.56011874  -87.90157503
 178.82964059  -35.54155004  -93.05398606
 178.77932838  -35.52296043  -98.76448038
 178.72903947  -35.50434994 -104.41643121
 178.67877389  -35.48571859 -110.34744325
 178.62853161  -35.46706641 -115.78857297
 178.57831265  -35.44839341 -121.88563051
 178.52811700  -35.42969963 -128.69673522
 178.47794466  -35.41098509 -134.54912594
 178.42779563  -35.39224981 -141.12226991
 178.37766990  -35.37349382 -148.76331299
 178.32756749  -35.35471713 -156.15452447
 178.27748838  -35.33591978 -163.53993139
 178.22743257  -35.31710178 -170.28907943
 178.17740007  -35.29826317 -177.79780889
 178.12739086  -35.27940396 -185.88375270
 178.07740496  -35.26052418 -192.75903645
 178.02744235  -35.24162386 -200.34926826
 177.97750304  -35.22270301 -208.94698989
 177.92758703  -35.20376166 -217.04501961
 177.87769430  -35.18479984 -225.10987139
 177.82782487  -35.16581756 -232.33092253
 177.77797872  -35.14681486 -240.19238639
 177.72815586  -35.12779176 -248.85968213
 177.67835628  -35.10874828 -256.09547863
 177.62857998  -35.08968444 -264.51002672
 177.57882696  -35.07060027 -273.71701038
 177.52909721  -35.05149579 -282.58994564
 177.47939074  -35.03237103 -292.32235572
 177.42970753  -35.01322601 -301.07788716
 177.38004759  -34.99406075 -310.80942832
 177.33041092  -34.97487529 -322.75095247
 177.28079751  -34.95566963 -334.37852722
 177.23120736  -34.93644381 -353.45596597
 177.18164046  -34.91719785 -361.40041938
 177.13209681  -34.89793177 -372.71204195
 177.08257641  -34.87864560 -385.60945274
 177.03307926  -34.85933936 -398.38128097
 176.98360534  -34.84001308 -411.02635577
 176.93415467  -34.82066677 -423.49214245
 176.88472723  -34.80130047 -436.30080177
 176.83532302  -34.78191419 -448.99262420
 176.78594204  -34.76250796 -461.37456699
 176.73658428  -34.74308181 -473.43835994
 176.68724974  -34.72363576 -485.99268461
 176.63793841  -34.70416982 -497.82668663
 176.58865030  -34.68468403 -509.61657454
 176.53938539  -34.66517842 -521.40161607
 176.49014369  -34.64565299 -533.17946201
 176.44092518  -34.62610778 -544.96291005
 176.39172987  -34.60654281 -556.01819174
 176.34255774  -34.58695811 -566.97044049
 176.29340880  -34.56735369 -577.64683188
 176.24428305  -34.54772958 -588.64651930
 176.19518046  -34.52808581 -594.94169566
