 180.52000000  -36.65000000   -6.02713823
 180.47066895  -36.62866738   -6.16517478
 180.42136522  -36.60731444   -6.40462409
 180.37208880  -36.58594120   -6.64097451
 180.32283967  -36.56454769   -6.89442865
 180.27361782  -36.54313393   -7.20800549
 180.22442324  -36.52169996   -7.59729181
 180.17525593  -36.50024580   -8.03140420
 180.12611587  -36.47877147   -8.54393956
 180.07700305  -36.45727701   -9.15383388
 180.02791746  -36.43576244   -9.83925578
 179.97885909  -36.41422779  -10.57573540
 179.92982792  -36.39267308  -11.44812920
 179.88082396  -36.37109834  -12.63752138
 179.83184717  -36.34950360  -13.81809769
 179.78289756  -36.32788889  -15.38935096
 179.73397512  -36.30625423  -16.99085794
 179.68507982  -36.28459965  -18.91977333
 179.63621166  -36.26292517  -20.73567662
 179.58737063  -36.24123083  -22.91439691
 179.53855672  -36.21951664  -25.63227278
 179.48976991  -36.19778265  -27.88614809
 179.44101019  -36.17602886  -31.17843396
 179.39227755  -36.15425532  -33.78969295
 179.34357198  -36.13246204  -36.75849401
 179.29489346  -36.11064905  -40.04139267
 179.24624199  -36.08881639  -42.74172277
 179.19761754  -36.06696407  -46.84143908
 179.14902012  -36.04509212  -49.42387151
 179.10044970  -36.02320058  -53.10011737
 179.05190628  -36.00128946  -56.72420422
 179.00338983  -35.97935879  -59.55805264
 178.95490036  -35.95740860  -63.69851848
 178.90643784  -35.93543892  -67.27141066
 178.85800226  -35.91344977  -71.52319925
 178.80959362  -35.89144119  -75.67498193
 178.76121188  -35.86941318  -79.40566268
 178.71285706  -35.84736579  -84.38406164
 178.66452912  -35.82529904  -88.83673472
 178.61622806  -35.80321295  -94.45453307
 178.56795387  -35.78110756  -99.33278566
 178.51970652  -35.75898288 -105.16639039
 178.47148602  -35.73683895 -110.93617169
 178.42329234  -35.71467579 -116.28621221
 178.37512546  -35.69249342 -122.33769834
 178.32698539  -35.67029188 -129.38814185
 178.27887209  -35.64807119 -135.99200409
 178.23078557  -35.62583138 -143.50007901
 178.18272580  -35.60357247 -150.59753497
 178.13469278  -35.58129448 -158.40852397
 178.08668648  -35.55899746 -164.95677807
 178.03870689  -35.53668141 -172.60752667
 177.99075401  -35.51434637 -180.94209446
 177.94282780  -35.49199237 -188.39058004
 177.89492827  -35.46961942 -197.18189031
 177.84705540  -35.44722756 -203.34079531
 177.79920917  -35.42481682 -211.70384347
 177.75138957  -35.40238721 -220.10110005
 177.70359658  -35.37993876 -226.34047335
 177.65583018  -35.35747151 -235.36993306
 177.60809038  -35.33498548 -242.98992372
 177.56037714  -35.31248068 -251.84738918
 177.51269046  -35.28995716 -260.20439881
 177.46503031  -35.26741493 -267.75689728
 177.41739669  -35.24485402 -277.01723775
 177.36978958  -35.22227446 -286.33269835
 177.32220897  -35.19967627 -296.56717358
 177.27465484  -35.17705948 -306.93626674
 177.22712717  -35.15442411 -318.32113512
 177.17962594  -35.13177020 -330.17898308
 177.13215116  -35.10909776 -346.57629519
 177.08470279  -35.08640682 -358.76774477
 177.03728082  -35.06369742 -369.49824313
 176.98988525  -35.04096956 -382.36779047
 176.94251604  -35.01822329 -394.90239457
 176.89517319  -34.99545862 -407.96726125
 176.84785669  -34.97267559 -421.30443730
 176.80056650  -34.94987421 -434.50096437
 176.75330263  -34.92705451 -447.88092454
 176.70606505  -34.90421652 -461.16699917
 176.65885375  -34.88136027 -474.24911581
 176.61166871  -34.85848577 -487.40427106
 176.56450992  -34.83559307 -499.36358701
 176.51737735  -34.81268217 -512.23252819
 176.47027100  -34.78975311 -524.31319471
 176.42319084  -34.76680591 -535.94685378
 176.37613687  -34.74384060 -547.20150421
 176.32910906  -34.72085721 -558.65781849
 176.28210740  -34.69785575 -569.53248089
 176.23513187  -34.67483626 -580.79840913
 176.18818246  -34.65179876 -590.82058150
 176.14125914  -34.62874327 -595.84803018
