 179.57000000  -38.20000000   -5.38481855
 179.51719430  -38.18269469   -5.55022483
 179.46441370  -38.16536574   -5.80187946
 179.41165821  -38.14801318   -6.14105642
 179.35892782  -38.13063704   -6.45038386
 179.30622255  -38.11323733   -6.86703072
 179.25354241  -38.09581410   -7.30785289
 179.20088739  -38.07836736   -7.67547980
 179.14825751  -38.06089713   -8.28093370
 179.09565277  -38.04340345   -8.77777811
 179.04307318  -38.02588635   -9.51198411
 178.99051874  -38.00834583  -10.04166298
 178.93798946  -37.99078194  -10.71396430
 178.88548534  -37.97319470  -11.53519361
 178.83300639  -37.95558414  -12.33842687
 178.78055262  -37.93795027  -13.26596111
 178.72812402  -37.92029314  -14.15995385
 178.67572061  -37.90261275  -15.26840067
 178.62334239  -37.88490914  -16.47765864
 178.57098937  -37.86718234  -17.65113955
 178.51866155  -37.84943237  -19.17753222
 178.46635893  -37.83165925  -20.70367145
 178.41408151  -37.81386302  -22.55089629
 178.36182931  -37.79604369  -24.23659793
 178.30960233  -37.77820130  -26.08672608
 178.25740057  -37.76033587  -28.42113627
 178.20522404  -37.74244742  -30.81493244
 178.15307274  -37.72453599  -32.96804673
 178.10094667  -37.70660160  -35.58891111
 178.04884583  -37.68864427  -37.87772791
 177.99677024  -37.67066402  -41.07058284
 177.94471989  -37.65266090  -43.16712814
 177.89269479  -37.63463492  -45.92141711
 177.84069494  -37.61658610  -48.84220062
 177.78872034  -37.59851448  -51.25358543
 177.73677101  -37.58042008  -54.43394232
 177.68484693  -37.56230292  -56.93094575
 177.63294812  -37.54416303  -59.54550571
 177.58107457  -37.52600045  -62.94008900
 177.52922629  -37.50781518  -66.27216986
 177.47740328  -37.48960727  -68.87572876
 177.42560555  -37.47137673  -72.42158980
 177.37383309  -37.45312359  -76.25417589
 177.32208591  -37.43484788  -80.06440591
 177.27036401  -37.41654962  -83.59891318
 177.21866740  -37.39822884  -88.16234689
 177.16699607  -37.37988557  -92.74376390
 177.11535002  -37.36151983  -98.00294096
 177.06372926  -37.34313164 -103.32299114
 177.01213380  -37.32472104 -108.02625403
 176.96056362  -37.30628804 -114.46432193
 176.90901874  -37.28783268 -120.45031085
 176.85749915  -37.26935498 -127.44450562
 176.80600486  -37.25085497 -134.96371465
 176.75453586  -37.23233267 -140.62728408
 176.70309216  -37.21378811 -150.27440874
 176.65167376  -37.19522131 -157.24892090
 176.60028066  -37.17663230 -166.38883277
 176.54891285  -37.15802110 -175.77231992
 176.49757035  -37.13938775 -184.77755529
 176.44625315  -37.12073227 -197.88170634
 176.39496125  -37.10205468 -206.89551964
 176.34369466  -37.08335501 -219.76483972
 176.29245336  -37.06463328 -233.85951259
 176.24123736  -37.04588953 -246.14356912
 176.19004667  -37.02712377 -264.46752649
 176.13888128  -37.00833603 -278.56455953
 176.08774120  -36.98952635 -296.28117912
 176.03662641  -36.97069473 -317.54027684
 175.98553692  -36.95184122 -336.89318239
 175.93447274  -36.93296583 -360.26119944
 175.88343385  -36.91406860 -375.10221850
 175.83242027  -36.89514954 -405.50295452
 175.78143198  -36.87620869 -439.07859115
 175.73046899  -36.85724607 -469.90866060
 175.67953130  -36.83826170 -493.07466711
 175.62861890  -36.81925561 -511.08708942
 175.57773180  -36.80022783 -526.03339275
 175.52686999  -36.78117838 -539.95398238
 175.47603347  -36.76210729 -552.49304034
 175.42522224  -36.74301458 -564.61881948
 175.37443630  -36.72390029 -576.42458218
 175.32367565  -36.70476443 -587.94416018
 175.27294029  -36.68560703 -595.19535991
