 181.06000000  -35.64000000   -7.78450256
 181.00740270  -35.62605562   -7.89031659
 180.95482376  -35.61208839   -8.08669306
 180.90226319  -35.59809832   -8.29879398
 180.84972101  -35.58408544   -8.51495836
 180.79719723  -35.57004976   -8.85607124
 180.74469186  -35.55599131   -9.12537911
 180.69220493  -35.54191011   -9.49245583
 180.63973643  -35.52780617   -9.99361326
 180.58728639  -35.51367952  -10.44437704
 180.53485482  -35.49953018  -11.02440469
 180.48244174  -35.48535815  -11.81598119
 180.43004715  -35.47116348  -12.59853590
 180.37767106  -35.45694616  -13.60717483
 180.32531350  -35.44270624  -14.57996009
 180.27297448  -35.42844371  -15.94937018
 180.22065401  -35.41415861  -17.32459628
 180.16835209  -35.39985096  -19.11668932
 180.11606876  -35.38552077  -21.01984069
 180.06380401  -35.37116806  -22.83643470
 180.01155786  -35.35679286  -25.39726880
 179.95933032  -35.34239518  -27.90355170
 179.90712140  -35.32797505  -30.13392427
 179.85493113  -35.31353248  -33.34126857
 179.80275951  -35.29906749  -36.73153445
 179.75060654  -35.28458011  -39.77135876
 179.69847225  -35.27007035  -43.96726779
 179.64635665  -35.25553824  -46.70422014
 179.59425975  -35.24098379  -50.73378009
 179.54218155  -35.22640702  -55.16168911
 179.49012208  -35.21180796  -58.59784057
 179.43808134  -35.19718662  -62.49947781
 179.38605935  -35.18254303  -67.49493264
 179.33405611  -35.16787720  -71.71186170
 179.28207164  -35.15318916  -76.29170301
 179.23010596  -35.13847892  -80.71307628
 179.17815906  -35.12374650  -86.25774117
 179.12623096  -35.10899193  -91.89330136
 179.07432168  -35.09421523  -96.57349195
 179.02243123  -35.07941641 -102.52702451
 178.97055961  -35.06459550 -107.95756285
 178.91870683  -35.04975251 -114.43451004
 178.86687291  -35.03488746 -120.44327354
 178.81505786  -35.02000039 -126.25150013
 178.76326169  -35.00509130 -133.70525974
 178.71148441  -34.99016021 -140.03351344
 178.65972602  -34.97520715 -145.76931202
 178.60798655  -34.96023214 -153.53503346
 178.55626599  -34.94523520 -160.19358292
 178.50456437  -34.93021634 -166.78793560
 178.45288169  -34.91517559 -174.44326396
 178.40121795  -34.90011297 -182.60405127
 178.34957318  -34.88502850 -189.51172576
 178.29794738  -34.86992219 -198.84357302
 178.24634055  -34.85479408 -205.07330319
 178.19475272  -34.83964417 -213.18787801
 178.14318388  -34.82447249 -222.07212514
 178.09163406  -34.80927906 -228.71893213
 178.04010325  -34.79406390 -236.51416089
 177.98859147  -34.77882703 -245.68764064
 177.93709872  -34.76356847 -252.87263681
 177.88562503  -34.74828824 -260.87987546
 177.83417038  -34.73298637 -270.53926171
 177.78273480  -34.71766286 -278.68777326
 177.73131830  -34.70231775 -287.60251171
 177.67992087  -34.68695104 -297.62045465
 177.62854254  -34.67156278 -306.69529470
 177.57718331  -34.65615296 -317.39610509
 177.52584318  -34.64072162 -326.30121221
 177.47452217  -34.62526877 -341.32832744
 177.42322029  -34.60979443 -357.78976700
 177.37193753  -34.59429863 -367.46334094
 177.32067392  -34.57878139 -378.64807641
 177.26942946  -34.56324272 -390.60652436
 177.21820416  -34.54768264 -402.72801901
 177.16699802  -34.53210119 -414.72241649
 177.11581106  -34.51649837 -426.07981939
 177.06464328  -34.50087420 -437.51459662
 177.01349469  -34.48522872 -449.12463775
 176.96236529  -34.46956193 -459.34631157
 176.91125510  -34.45387386 -470.20037123
 176.86016413  -34.43816453 -480.77703346
 176.80909237  -34.42243396 -491.75163278
 176.75803984  -34.40668217 -503.37388158
 176.70700654  -34.39090918 -513.90726220
 176.65599249  -34.37511501 -524.15399347
 176.60499769  -34.35929968 -535.21110785
 176.55402214  -34.34346322 -545.96742128
 176.50306585  -34.32760564 -556.95620866
 176.45212883  -34.31172696 -567.03100062
 176.40121110  -34.29582720 -578.03178564
 176.35031264  -34.27990639 -588.97506191
 176.29943348  -34.26396454 -595.04702178
