 179.79000000  -37.80000000   -5.76207304
 179.73785068  -37.78201133   -5.92008146
 179.68572676  -37.76399968   -6.19481392
 179.63362824  -37.74596509   -6.51690181
 179.58155511  -37.72790758   -6.94952718
 179.52950739  -37.70982717   -7.32230453
 179.47748508  -37.69172390   -7.76875603
 179.42548817  -37.67359778   -8.32605301
 179.37351668  -37.65544885   -8.91905700
 179.32157061  -37.63727713   -9.51486901
 179.26964996  -37.61908265  -10.10424756
 179.21775472  -37.60086543  -10.87854683
 179.16588491  -37.58262550  -11.62119302
 179.11404053  -37.56436288  -12.54432360
 179.06222157  -37.54607761  -13.40257498
 179.01042805  -37.52776970  -14.35725721
 178.95865996  -37.50943918  -15.61064388
 178.90691731  -37.49108609  -16.83092238
 178.85520009  -37.47271043  -17.98701687
 178.80350831  -37.45431225  -19.94412223
 178.75184197  -37.43589157  -21.41164101
 178.70020107  -37.41744841  -23.41206450
 178.64858562  -37.39898280  -25.15509200
 178.59699561  -37.38049477  -27.48655980
 178.54543105  -37.36198434  -29.81325605
 178.49389193  -37.34345153  -32.00916672
 178.44237827  -37.32489638  -34.87000650
 178.39089005  -37.30631891  -37.00999516
 178.33942728  -37.28771914  -39.70803589
 178.28798997  -37.26909710  -42.74129887
 178.23657811  -37.25045283  -45.31475413
 178.18519169  -37.23178633  -48.54504394
 178.13383074  -37.21309765  -51.15821504
 178.08249523  -37.19438680  -54.01382192
 178.03118518  -37.17565382  -57.47476573
 177.97990058  -37.15689872  -60.75049303
 177.92864143  -37.13812153  -64.04527721
 177.87740774  -37.11932229  -67.10822726
 177.82619950  -37.10050101  -70.67215062
 177.77501672  -37.08165772  -74.46756451
 177.72385939  -37.06279245  -77.90512027
 177.67272751  -37.04390523  -81.90572460
 177.62162108  -37.02499607  -86.40415656
 177.57054010  -37.00606501  -91.38944165
 177.51948457  -36.98711207  -95.96740209
 177.46845450  -36.96813728 -100.42301758
 177.41744987  -36.94914066 -106.14426509
 177.36647069  -36.93012224 -111.59244495
 177.31551695  -36.91108204 -117.99557353
 177.26458866  -36.89202010 -124.33842231
 177.21368582  -36.87293643 -129.99881788
 177.16280841  -36.85383107 -138.01711586
 177.11195645  -36.83470404 -144.63193671
 177.06112993  -36.81555536 -152.83468159
 177.01032884  -36.79638506 -160.25521046
 176.95955319  -36.77719317 -168.00131717
 176.90880298  -36.75797971 -177.79190572
 176.85807819  -36.73874471 -186.63355950
 176.80737884  -36.71948819 -196.73921464
 176.75670491  -36.70021019 -207.02370640
 176.70605641  -36.68091071 -216.23406903
 176.65543333  -36.66158981 -228.43348319
 176.60483567  -36.64224748 -241.39660391
 176.55426343  -36.62288378 -252.93620474
 176.50371661  -36.60349871 -268.27924390
 176.45319520  -36.58409231 -279.24481479
 176.40269919  -36.56466459 -298.20060606
 176.35222860  -36.54521560 -312.99585813
 176.30178341  -36.52574535 -331.46825579
 176.25136361  -36.50625386 -352.32853403
 176.20096922  -36.48674117 -362.78391587
 176.15060022  -36.46720730 -380.46408262
 176.10025661  -36.44765228 -405.07898914
 176.04993839  -36.42807612 -434.26270093
 175.99964555  -36.40847887 -462.50909493
 175.94937809  -36.38886053 -486.49492810
 175.89913601  -36.36922115 -505.09899159
 175.84891929  -36.34956074 -520.57495501
 175.79872795  -36.32987933 -533.81562002
 175.74856197  -36.31017695 -546.60259470
 175.69842135  -36.29045361 -559.08708573
 175.64830609  -36.27070936 -570.92874849
 175.59821618  -36.25094421 -582.02496257
 175.54815162  -36.23115818 -591.54335737
 175.49811240  -36.21135131 -595.88306440
