 179.37000000  -38.54000000   -5.27936489
 179.31649550  -38.52356411   -5.40786650
 179.26301545  -38.50710388   -5.68314791
 179.20955987  -38.49061935   -5.96427053
 179.15612875  -38.47411052   -6.22888825
 179.10272212  -38.45757744   -6.66566967
 179.04933998  -38.44102013   -7.01989218
 178.99598234  -38.42443861   -7.54781214
 178.94264921  -38.40783291   -7.91995512
 178.88934060  -38.39120305   -8.39397061
 178.83605653  -38.37454906   -8.96987988
 178.78279699  -38.35787096   -9.44376612
 178.72956201  -38.34116878  -10.04322268
 178.67635159  -38.32444255  -10.72148322
 178.62316573  -38.30769229  -11.47008723
 178.57000445  -38.29091802  -12.20055577
 178.51686776  -38.27411978  -12.90212781
 178.46375567  -38.25729758  -13.84372555
 178.41066818  -38.24045146  -14.78922539
 178.35760530  -38.22358143  -15.67072740
 178.30456704  -38.20668753  -17.06558254
 178.25155342  -38.18976978  -18.19247861
 178.19856443  -38.17282820  -19.86510323
 178.14560009  -38.15586283  -20.95486202
 178.09266041  -38.13887368  -22.59047730
 178.03974539  -38.12186078  -24.41684316
 177.98685504  -38.10482416  -26.13540101
 177.93398936  -38.08776384  -27.74192343
 177.88114838  -38.07067985  -29.80831557
 177.82833208  -38.05357221  -31.90424491
 177.77554049  -38.03644096  -34.04982284
 177.72277360  -38.01928611  -35.87745449
 177.67003143  -38.00210769  -38.27850078
 177.61731399  -37.98490572  -40.48583754
 177.56462127  -37.96768024  -42.45241363
 177.51195328  -37.95043127  -45.10030145
 177.45931004  -37.93315883  -47.22945586
 177.40669155  -37.91586295  -49.96945831
 177.35409782  -37.89854365  -52.55736142
 177.30152884  -37.88120096  -54.88215865
 177.24898464  -37.86383491  -58.17811325
 177.19646521  -37.84644552  -60.56322385
 177.14397056  -37.82903282  -63.91452211
 177.09150069  -37.81159683  -67.47176488
 177.03905562  -37.79413758  -70.82509291
 176.98663535  -37.77665509  -74.89601033
 176.93423988  -37.75914939  -78.36082068
 176.88186922  -37.74162051  -82.65653399
 176.82952337  -37.72406846  -87.44684647
 176.77720234  -37.70649329  -92.72646365
 176.72490614  -37.68889500  -97.91108990
 176.67263477  -37.67127363 -102.65746210
 176.62038823  -37.65362921 -109.13890764
 176.56816653  -37.63596175 -115.24096416
 176.51596968  -37.61827129 -121.04346230
 176.46379767  -37.60055785 -129.00467697
 176.41165052  -37.58282146 -136.09509107
 176.35952822  -37.56506213 -144.91818292
 176.30743079  -37.54727990 -153.26220541
 176.25535822  -37.52947480 -161.82185727
 176.20331052  -37.51164684 -174.67018632
 176.15128770  -37.49379606 -185.00420683
 176.09928976  -37.47592248 -197.15283181
 176.04731669  -37.45802612 -210.68763848
 175.99536852  -37.44010701 -224.10018618
 175.94344523  -37.42216518 -244.02966651
 175.89154683  -37.40420065 -259.67921623
 175.83967333  -37.38621345 -277.11996285
 175.78782473  -37.36820360 -299.30793344
 175.73600103  -37.35017113 -319.39158063
 175.68420223  -37.33211606 -355.05612703
 175.63242835  -37.31403843 -371.76544443
 175.58067937  -37.29593825 -401.70031520
 175.52895531  -37.27781555 -439.13654384
 175.47725616  -37.25967036 -470.28313360
 175.42558193  -37.24150270 -492.47864194
 175.37393262  -37.22331259 -510.93782905
 175.32230824  -37.20510008 -526.47421814
 175.27070878  -37.18686517 -540.20126538
 175.21913424  -37.16860789 -553.04993857
 175.16758464  -37.15032828 -566.21486934
 175.11605997  -37.13202635 -578.33872587
 175.06456023  -37.11370214 -589.46132088
 175.01308543  -37.09535566 -595.53365968
