 179.22000000  -38.89000000   -5.05432365
 179.16390119  -38.87927371   -5.16181721
 179.10781934  -38.86852058   -5.39413814
 179.05175447  -38.85774064   -5.66216010
 178.99570662  -38.84693391   -5.90504622
 178.93967581  -38.83610041   -6.23940651
 178.88366208  -38.82524014   -6.60118608
 178.82766546  -38.81435314   -6.92425760
 178.77168597  -38.80343942   -7.32396587
 178.71572365  -38.79249900   -7.73944919
 178.65977853  -38.78153189   -8.09664440
 178.60385063  -38.77053812   -8.57105420
 178.54793999  -38.75951770   -9.08099699
 178.49204664  -38.74847066   -9.56582254
 178.43617060  -38.73739701  -10.07524088
 178.38031191  -38.72629677  -10.65084567
 178.32447059  -38.71516996  -11.14447299
 178.26864668  -38.70401660  -11.76414180
 178.21284019  -38.69283671  -12.35253082
 178.15705117  -38.68163030  -12.87991783
 178.10127964  -38.67039740  -13.54605786
 178.04552563  -38.65913803  -14.26939638
 177.98978916  -38.64785219  -14.97002739
 177.93407028  -38.63653992  -15.70740855
 177.87836899  -38.62520123  -16.57410432
 177.82268534  -38.61383614  -17.31370149
 177.76701935  -38.60244467  -18.31822560
 177.71137105  -38.59102684  -19.24525025
 177.65574047  -38.57958266  -20.11134184
 177.60012763  -38.56811217  -21.52481912
 177.54453257  -38.55661537  -22.52172571
 177.48895530  -38.54509228  -23.74426171
 177.43339587  -38.53354293  -25.39843550
 177.37785429  -38.52196733  -26.69302714
 177.32233059  -38.51036551  -28.33900913
 177.26682480  -38.49873748  -29.85445730
 177.21133695  -38.48708326  -31.56645912
 177.15586706  -38.47540287  -33.18112027
 177.10041517  -38.46369633  -35.63512395
 177.04498129  -38.45196366  -37.45049394
 176.98956546  -38.44020489  -39.64734044
 176.93416770  -38.42842002  -42.10138362
 176.87878803  -38.41660908  -44.12188828
 176.82342649  -38.40477209  -46.77812211
 176.76808310  -38.39290906  -48.75573568
 176.71275789  -38.38102003  -51.52935136
 176.65745088  -38.36910500  -54.48126111
 176.60216210  -38.35716400  -57.49019944
 176.54689157  -38.34519704  -60.00390181
 176.49163933  -38.33320415  -63.54763601
 176.43640539  -38.32118535  -67.25188368
 176.38118978  -38.30914065  -70.37862612
 176.32599252  -38.29707008  -74.16941889
 176.27081365  -38.28497365  -78.62661584
 176.21565319  -38.27285139  -82.42160818
 176.16051115  -38.26070331  -87.52776794
 176.10538758  -38.24852944  -92.76791230
 176.05028249  -38.23632980  -97.64907867
 175.99519590  -38.22410439 -105.12995216
 175.94012785  -38.21185326 -110.68643145
 175.88507835  -38.19957640 -117.13152452
 175.83004743  -38.18727385 -125.64979687
 175.77503511  -38.17494563 -132.85218538
 175.72004143  -38.16259175 -140.59746911
 175.66506640  -38.15021224 -151.22428948
 175.61011004  -38.13780711 -161.06044227
 175.55517239  -38.12537638 -170.76902974
 175.50025346  -38.11292008 -186.22206729
 175.44535328  -38.10043823 -197.97804523
 175.39047187  -38.08793084 -213.43149927
 175.33560925  -38.07539794 -231.24634071
 175.28076546  -38.06283954 -246.50844653
 175.22594050  -38.05025567 -266.52609665
 175.17113442  -38.03764635 -289.00782071
 175.11634721  -38.02501159 -309.29583339
 175.06157893  -38.01235142 -360.92712907
 175.00682957  -37.99966585 -380.20038801
 174.95209917  -37.98695492 -415.57338737
 174.89738775  -37.97421863 -448.71789232
 174.84269534  -37.96145701 -476.91285579
 174.78802194  -37.94867009 -499.25000527
 174.73336759  -37.93585787 -518.81476454
 174.67873231  -37.92302038 -536.21392985
 174.62411613  -37.91015764 -552.28069849
 174.56951905  -37.89726967 -567.67997537
 174.51494111  -37.88435649 -582.04786276
 174.46038232  -37.87141813 -593.37044494
 174.40584272  -37.85845459 -596.74921122
