 178.68000000  -40.26000000   -5.02979946
 178.62822715  -40.23854080   -5.15018599
 178.57648713  -40.21705855   -5.38189852
 178.52477992  -40.19555327   -5.64246109
 178.47310551  -40.17402500   -5.92852495
 178.42146390  -40.15247378   -6.23845306
 178.36985507  -40.13089963   -6.53442051
 178.31827901  -40.10930259   -6.88250912
 178.26673571  -40.08768268   -7.21143147
 178.21522516  -40.06603994   -7.51290954
 178.16374734  -40.04437441   -7.88680476
 178.11230225  -40.02268611   -8.22184721
 178.06088987  -40.00097508   -8.64971541
 178.00951020  -39.97924135   -8.97207235
 177.95816321  -39.95748494   -9.41193004
 177.90684890  -39.93570590   -9.78166423
 177.85556726  -39.91390425  -10.26427291
 177.80431828  -39.89208003  -10.64610445
 177.75310193  -39.87023327  -11.00667731
 177.70191821  -39.84836399  -11.45823618
 177.65076711  -39.82647224  -11.78057201
 177.59964862  -39.80455804  -12.28950811
 177.54856271  -39.78262142  -12.64563321
 177.49750938  -39.76066242  -13.08225287
 177.44648862  -39.73868107  -13.44951244
 177.39550041  -39.71667740  -13.93477295
 177.34454474  -39.69465143  -14.25333935
 177.29362159  -39.67260322  -14.76129469
 177.24273096  -39.65053277  -15.07757339
 177.19187282  -39.62844014  -15.63391506
 177.14104717  -39.60632534  -16.02812981
 177.09025399  -39.58418841  -16.54256193
 177.03949327  -39.56202938  -17.13949433
 176.98876499  -39.53984828  -17.74696281
 176.93806914  -39.51764515  -18.53145094
 176.88740570  -39.49542002  -19.23594564
 176.83677467  -39.47317291  -20.29847407
 176.78617602  -39.45090385  -21.24278108
 176.73560975  -39.42861289  -22.54786446
 176.68507583  -39.40630005  -23.83876674
 176.63457425  -39.38396536  -25.34774298
 176.58410501  -39.36160886  -26.75976141
 176.53366807  -39.33923057  -28.43611052
 176.48326344  -39.31683053  -30.41353022
 176.43289108  -39.29440876  -32.19893882
 176.38255100  -39.27196530  -34.50481313
 176.33224316  -39.24950019  -36.51864463
 176.28196757  -39.22701344  -38.88519937
 176.23172419  -39.20450510  -41.10650425
 176.18151302  -39.18197519  -43.39645035
 176.13133404  -39.15942374  -45.35944071
 176.08118724  -39.13685080  -47.93512008
 176.03107259  -39.11425637  -49.88023230
 175.98099009  -39.09164051  -52.14645530
 175.93093971  -39.06900323  -54.50742086
 175.88092144  -39.04634458  -56.70414405
 175.83093527  -39.02366457  -59.41895361
 175.78098117  -39.00096325  -61.97943532
 175.73105914  -38.97824064  -64.97844525
 175.68116915  -38.95549678  -68.18065587
 175.63131118  -38.93273168  -71.63628571
 175.58148523  -38.90994540  -74.97612962
 175.53169128  -38.88713795  -79.87593623
 175.48192930  -38.86430937  -83.97107221
 175.43219928  -38.84145968  -89.25168301
 175.38250120  -38.81858893  -95.39680456
 175.33283505  -38.79569713 -101.36693860
 175.28320081  -38.77278432 -109.55660225
 175.23359846  -38.74985054 -117.14430302
 175.18402798  -38.72689580 -126.94217701
 175.13448936  -38.70392015 -136.62344943
 175.08498257  -38.68092361 -148.12706442
 175.03550761  -38.65790622 -158.45132110
 174.98606445  -38.63486799 -173.80686573
 174.93665308  -38.61180898 -186.79553924
 174.88727347  -38.58872919 -202.06521749
 174.83792561  -38.56562868 -221.05928660
 174.78860949  -38.54250745 -239.11643960
 174.73932507  -38.51936556 -261.88335938
 174.69007235  -38.49620302 -281.46998054
 174.64085130  -38.47301987 -310.84881557
 174.59166192  -38.44981613 -336.82895556
 174.54250416  -38.42659185 -366.73145424
 174.49337803  -38.40334704 -394.11290880
 174.44428350  -38.38008174 -431.84458496
 174.39522055  -38.35679598 -469.36329265
 174.34618917  -38.33348979 -501.99578062
 174.29718933  -38.31016319 -529.21416378
 174.24822101  -38.28681623 -552.37649532
 174.19928420  -38.26344893 -572.63427604
 174.15037888  -38.24006131 -588.58637964
 174.10150502  -38.21665342 -596.14036162
