 178.15000000  -41.00000000   -5.38966751
 178.09740015  -40.97889220   -5.70368751
 178.04483397  -40.95776052   -5.97720080
 177.99230146  -40.93660497   -6.31534928
 177.93980261  -40.91542560   -6.65760921
 177.88733740  -40.89422244   -6.95128624
 177.83490583  -40.87299551   -7.33163903
 177.78250788  -40.85174486   -7.64915197
 177.73014356  -40.83047052   -8.00464908
 177.67781285  -40.80917252   -8.30211335
 177.62551573  -40.78785089   -8.68430239
 177.57325221  -40.76650566   -8.98919126
 177.52102227  -40.74513687   -9.33167584
 177.46882590  -40.72374456   -9.67543175
 177.41666309  -40.70232875  -10.05637756
 177.36453383  -40.68088947  -10.37627527
 177.31243811  -40.65942677  -10.76424705
 177.26037592  -40.63794066  -11.11252672
 177.20834726  -40.61643120  -11.49092068
 177.15635210  -40.59489840  -11.88334663
 177.10439043  -40.57334230  -12.17035991
 177.05246226  -40.55176294  -12.65394493
 177.00056756  -40.53016034  -12.99390091
 176.94870633  -40.50853454  -13.40237371
 176.89687855  -40.48688557  -13.75491493
 176.84508422  -40.46521347  -14.16330776
 176.79332331  -40.44351826  -14.51795120
 176.74159582  -40.42179999  -14.99943278
 176.68990174  -40.40005867  -15.32991473
 176.63824106  -40.37829435  -15.79200885
 176.58661376  -40.35650706  -16.14100935
 176.53501983  -40.33469683  -16.64869701
 176.48345926  -40.31286369  -17.06506461
 176.43193204  -40.29100768  -17.55835742
 176.38043815  -40.26912882  -18.14975270
 176.32897758  -40.24722715  -18.72275952
 176.27755032  -40.22530271  -19.43288554
 176.22615636  -40.20335552  -20.17823618
 176.17479568  -40.18138561  -20.99306394
 176.12346827  -40.15939303  -21.92370188
 176.07217412  -40.13737780  -22.88588179
 176.02091321  -40.11533995  -23.83905200
 175.96968553  -40.09327952  -24.96685806
 175.91849107  -40.07119653  -26.21531937
 175.86732981  -40.04909103  -27.60511958
 175.81620174  -40.02696304  -28.91523687
 175.76510685  -40.00481260  -30.54266996
 175.71404512  -39.98263973  -31.90748652
 175.66301653  -39.96044447  -33.59618412
 175.61202108  -39.93822686  -35.16158954
 175.56105875  -39.91598692  -36.89759423
 175.51012952  -39.89372468  -38.59619189
 175.45923338  -39.87144019  -40.04408283
 175.40837032  -39.84913346  -42.23583504
 175.35754031  -39.82680453  -43.61823539
 175.30674336  -39.80445344  -46.00491182
 175.25597943  -39.78208022  -47.44152242
 175.20524852  -39.75968489  -49.86643822
 175.15455061  -39.73726749  -51.78673931
 175.10388569  -39.71482806  -54.25368474
 175.05325373  -39.69236662  -56.42334104
 175.00265473  -39.66988320  -58.80919157
 174.95208867  -39.64737784  -61.72327007
 174.90155553  -39.62485057  -64.69116737
 174.85105530  -39.60230142  -68.39758574
 174.80058796  -39.57973043  -71.65545914
 174.75015350  -39.55713762  -76.32809720
 174.69975189  -39.53452302  -80.48117207
 174.64938313  -39.51188668  -86.30144348
 174.59904720  -39.48922861  -91.38623001
 174.54874408  -39.46654885  -98.57276362
 174.49847375  -39.44384744 -104.71389328
 174.44823619  -39.42112440 -114.21015525
 174.39803140  -39.39837977 -120.49918777
 174.34785935  -39.37561357 -130.33978137
 174.29772003  -39.35282585 -140.21758636
 174.24761342  -39.33001662 -151.29164078
 174.19753950  -39.30718593 -162.63416156
 174.14749826  -39.28433380 -173.94097543
 174.09748968  -39.26146026 -189.61109238
 174.04751373  -39.23856535 -202.79817492
 173.99757042  -39.21564910 -221.19793180
 173.94765970  -39.19271154 -236.46314936
 173.89778158  -39.16975269 -259.59947979
 173.84793602  -39.14677260 -274.32006018
 173.79812302  -39.12377129 -301.94000579
 173.74834255  -39.10074880 -319.97134806
 173.69859460  -39.07770515 -361.55723974
 173.64887915  -39.05464038 -381.47721157
 173.59919618  -39.03155451 -419.99699771
 173.54954567  -39.00844759 -463.46433970
 173.49992761  -38.98531963 -506.21392372
 173.45034197  -38.96217068 -544.14692277
 173.40078873  -38.93900075 -572.99925377
 173.35126788  -38.91580989 -590.53888127
 173.30177941  -38.89259813 -597.43000000
