 182.11000000  -33.39000000   -8.68723344
 182.05999881  -33.37330576   -8.83269714
 182.01001682  -33.35659148   -9.10798189
 181.96005403  -33.33985718   -9.37064653
 181.91011046  -33.32310288   -9.62249154
 181.86018609  -33.30632861   -9.99894495
 181.81028094  -33.28953439  -10.37183216
 181.76039500  -33.27272023  -10.74128963
 181.71052829  -33.25588615  -11.30641323
 181.66068080  -33.23903218  -11.87948728
 181.61085254  -33.22215833  -12.45766462
 181.56104350  -33.20526463  -13.37077004
 181.51125370  -33.18835109  -14.24299319
 181.46148313  -33.17141775  -15.15024110
 181.41173180  -33.15446461  -16.55081431
 181.36199971  -33.13749170  -17.87607667
 181.31228687  -33.12049903  -19.23265535
 181.26259327  -33.10348664  -21.24852223
 181.21291891  -33.08645453  -23.12911903
 181.16326381  -33.06940274  -25.00894745
 181.11362796  -33.05233127  -27.67586176
 181.06401136  -33.03524016  -30.14337767
 181.01441402  -33.01812941  -32.54362243
 180.96483593  -33.00099906  -35.79108263
 180.91527711  -32.98384912  -38.63010746
 180.86573755  -32.96667961  -41.68291865
 180.81621725  -32.94949055  -45.40297717
 180.76671622  -32.93228197  -48.74668487
 180.71723446  -32.91505388  -52.27216467
 180.66777196  -32.89780630  -56.42732977
 180.61832874  -32.88053926  -60.35250215
 180.56890478  -32.86325277  -65.07113695
 180.51950010  -32.84594686  -69.08242354
 180.47011470  -32.82862155  -73.77712247
 180.42074857  -32.81127685  -79.24822534
 180.37140172  -32.79391278  -83.83633937
 180.32207414  -32.77652938  -89.53394576
 180.27276585  -32.75912665  -95.92640780
 180.22347683  -32.74170462 -101.16816701
 180.17420710  -32.72426331 -108.05997546
 180.12495665  -32.70680273 -115.35100587
 180.07572548  -32.68932292 -122.56209422
 180.02651360  -32.67182389 -129.60032622
 179.97732100  -32.65430565 -137.73617944
 179.92814768  -32.63676824 -146.21758491
 179.87899365  -32.61921167 -154.28064094
 179.82985891  -32.60163596 -163.18122727
 179.78074345  -32.58404113 -173.10399913
 179.73164728  -32.56642720 -182.12647047
 179.68257039  -32.54879420 -191.68118873
 179.63351279  -32.53114214 -203.10390199
 179.58447448  -32.51347104 -212.47493785
 179.53545546  -32.49578093 -222.88558757
 179.48645572  -32.47807182 -235.56732137
 179.43747527  -32.46034373 -245.25206260
 179.38851411  -32.44259670 -256.44495037
 179.33957223  -32.42483072 -269.19283995
 179.29064964  -32.40704584 -278.63868769
 179.24174634  -32.38924206 -289.92123469
 179.19286232  -32.37141940 -301.87060665
 179.14399759  -32.35357790 -311.81293140
 179.09515214  -32.33571756 -322.18551306
 179.04632598  -32.31783841 -333.30067912
 178.99751910  -32.29994047 -341.27357884
 178.94873150  -32.28202376 -355.57106084
 178.89996318  -32.26408829 -362.03353164
 178.85121415  -32.24613410 -371.17678927
 178.80248439  -32.22816120 -380.80492023
 178.75377392  -32.21016961 -390.19436855
 178.70508272  -32.19215935 -399.18469450
 178.65641080  -32.17413044 -407.38673744
 178.60775815  -32.15608290 -415.68447466
 178.55912479  -32.13801676 -423.44056130
 178.51051069  -32.11993202 -430.68984999
 178.46191587  -32.10182872 -438.14725857
 178.41334031  -32.08370688 -445.29555386
 178.36478403  -32.06556650 -451.88483236
 178.31624701  -32.04740763 -458.53087070
 178.26772926  -32.02923026 -465.47551930
 178.21923078  -32.01103443 -471.55249653
 178.17075155  -31.99282016 -477.87874098
 178.12229159  -31.97458746 -484.07014623
 178.07385089  -31.95633636 -490.23112836
 178.02542944  -31.93806687 -495.94575789
 177.97702725  -31.91977902 -502.03978740
 177.92864431  -31.90147283 -507.78881593
 177.88028063  -31.88314832 -513.60718435
 177.83193619  -31.86480550 -519.42323892
 177.78361100  -31.84644440 -525.14878657
 177.73530505  -31.82806504 -531.15456788
 177.68701835  -31.80966744 -536.93028550
 177.63875088  -31.79125162 -542.91052594
 177.59050265  -31.77281759 -548.82051506
 177.54227366  -31.75436539 -555.01061046
 177.49406390  -31.73589503 -561.39194242
 177.44587337  -31.71740652 -567.56970789
 177.39770206  -31.69889990 -574.24310736
 177.34954998  -31.68037518 -580.90321675
 177.30141712  -31.66183238 -587.26530357
 177.25330348  -31.64327152 -593.66999209
 177.20520906  -31.62469262 -596.70202461
