 178.43000000  -40.62000000   -5.34094679
 178.37839974  -40.59792301   -5.48772919
 178.32683358  -40.57582308   -5.78739640
 178.27530148  -40.55370024   -6.09394908
 178.22380344  -40.53155451   -6.40204538
 178.17233945  -40.50938593   -6.74314234
 178.12090949  -40.48719455   -7.05619795
 178.06951355  -40.46498038   -7.36437459
 178.01815160  -40.44274346   -7.74783196
 177.96682365  -40.42048382   -8.03978841
 177.91552967  -40.39820151   -8.41109032
 177.86426964  -40.37589654   -8.72546109
 177.81304356  -40.35356896   -9.11955613
 177.76185141  -40.33121879   -9.42363631
 177.71069317  -40.30884607   -9.81270642
 177.65956883  -40.28645083  -10.15049776
 177.60847838  -40.26403311  -10.52131642
 177.55742179  -40.24159293  -10.91742466
 177.50639905  -40.21913034  -11.24079489
 177.45541015  -40.19664535  -11.63393863
 177.40445507  -40.17413801  -11.90995246
 177.35353380  -40.15160835  -12.38071036
 177.30264632  -40.12905640  -12.66170882
 177.25179260  -40.10648219  -13.11167500
 177.20097265  -40.08388575  -13.45476241
 177.15018644  -40.06126712  -13.86259979
 177.09943395  -40.03862634  -14.21439889
 177.04871517  -40.01596342  -14.63889258
 176.99803008  -39.99327841  -15.00841960
 176.94737866  -39.97057134  -15.52474095
 176.89676091  -39.94784224  -15.86101070
 176.84617679  -39.92509114  -16.48148729
 176.79562630  -39.90231808  -16.87804283
 176.74510941  -39.87952308  -17.49393046
 176.69462612  -39.85670619  -18.07761201
 176.64417640  -39.83386742  -18.84849972
 176.59376023  -39.81100682  -19.60290837
 176.54337760  -39.78812441  -20.54253728
 176.49302849  -39.76522023  -21.62934172
 176.44271288  -39.74229432  -22.51777878
 176.39243075  -39.71934669  -24.00787905
 176.34218209  -39.69637739  -24.98844093
 176.29196689  -39.67338645  -26.82471746
 176.24178511  -39.65037389  -28.02025040
 176.19163674  -39.62733976  -30.03062996
 176.14152176  -39.60428408  -31.61323330
 176.09144017  -39.58120688  -33.52654943
 176.04139192  -39.55810821  -35.09328364
 175.99137702  -39.53498807  -36.87907350
 175.94139544  -39.51184653  -38.87736716
 175.89144716  -39.48868359  -40.63637040
 175.84153215  -39.46549930  -42.69845038
 175.79165041  -39.44229368  -44.43089330
 175.74180192  -39.41906677  -46.49441612
 175.69198665  -39.39581860  -48.13314279
 175.64220458  -39.37254920  -50.51794841
 175.59245570  -39.34925861  -52.18781890
 175.54273999  -39.32594685  -54.93830169
 175.49305743  -39.30261396  -56.94550798
 175.44340799  -39.27925996  -60.08055208
 175.39379166  -39.25588490  -62.34649502
 175.34420841  -39.23248880  -65.71729829
 175.29465824  -39.20907169  -69.23154545
 175.24514111  -39.18563360  -73.37622146
 175.19565701  -39.16217457  -77.85185823
 175.14620592  -39.13869463  -82.28935985
 175.09678781  -39.11519380  -88.64090460
 175.04740267  -39.09167213  -94.14011417
 174.99805048  -39.06812964 -102.02249989
 174.94873122  -39.04456636 -108.75110009
 174.89944486  -39.02098232 -118.42286423
 174.85019138  -38.99737757 -126.18188629
 174.80097077  -38.97375211 -136.85829771
 174.75178300  -38.95010600 -147.99642218
 174.70262805  -38.92643925 -157.58447308
 174.65350590  -38.90275191 -174.12399659
 174.60441654  -38.87904400 -185.03212985
 174.55535993  -38.85531554 -203.87768759
 174.50633606  -38.83156659 -217.57972092
 174.45734490  -38.80779716 -237.71423744
 174.40838644  -38.78400728 -255.92677725
 174.35946065  -38.76019699 -279.08738696
 174.31056752  -38.73636632 -300.76724279
 174.26170701  -38.71251530 -327.26679799
 174.21287911  -38.68864396 -364.82278362
 174.16408380  -38.66475232 -388.99983765
 174.11532105  -38.64084043 -427.48272844
 174.06659084  -38.61690832 -467.77597482
 174.01789315  -38.59295600 -505.68657108
 173.96922796  -38.56898352 -537.69515677
 173.92059525  -38.54499091 -564.85449389
 173.87199499  -38.52097818 -585.04959996
 173.82342716  -38.49694539 -594.40386312
