 180.28942808  -37.08160022   -5.91138268
 180.24000000  -37.06000000   -5.96850937
 180.19060007  -37.03837928   -6.19746159
 180.14122827  -37.01673810   -6.51876855
 180.09188460  -36.99507648   -6.81856636
 180.04256905  -36.97339444   -7.27670931
 179.99328161  -36.95169203   -7.63053450
 179.94402225  -36.92996925   -8.12522411
 179.89479097  -36.90822615   -8.66742125
 179.84558777  -36.88646274   -9.28345002
 179.79641262  -36.86467906  -10.01951163
 179.74726551  -36.84287514  -10.65028539
 179.69814643  -36.82105099  -11.74064208
 179.64905538  -36.79920666  -12.51541203
 179.59999233  -36.77734216  -13.65127033
 179.55095728  -36.75545753  -14.93341029
 179.50195021  -36.73355279  -16.25787930
 179.45297110  -36.71162796  -17.96902793
 179.40401996  -36.68968309  -19.59534352
 179.35509676  -36.66771819  -21.32826219
 179.30620149  -36.64573329  -23.30822652
 179.25733414  -36.62372842  -25.25740021
 179.20849469  -36.60170360  -28.02042808
 179.15968314  -36.57965887  -30.13481748
 179.11089946  -36.55759425  -32.99680015
 179.06214365  -36.53550977  -35.59069134
 179.01341570  -36.51340546  -38.55370805
 178.96471558  -36.49128134  -41.41215178
 178.91604329  -36.46913744  -43.95056219
 178.86739881  -36.44697378  -47.10542712
 178.81878213  -36.42479040  -50.13016957
 178.77019323  -36.40258733  -53.53836990
 178.72163210  -36.38036458  -56.66092705
 178.67309873  -36.35812219  -60.34902448
 178.62459311  -36.33586019  -63.64997511
 178.57611521  -36.31357859  -66.80385695
 178.52766503  -36.29127744  -70.34106878
 178.47924255  -36.26895675  -74.78131397
 178.43084775  -36.24661655  -78.76900315
 178.38248063  -36.22425687  -83.69855767
 178.33414117  -36.20187773  -88.24121484
 178.28582935  -36.17947918  -93.69670827
 178.23754515  -36.15706122  -98.22751366
 178.18928858  -36.13462389 -103.85049133
 178.14105960  -36.11216721 -110.16071267
 178.09285821  -36.08969122 -116.11819737
 178.04468438  -36.06719593 -123.29136044
 177.99653811  -36.04468138 -128.77481523
 177.94841939  -36.02214759 -135.88437095
 177.90032819  -35.99959459 -143.20832339
 177.85226449  -35.97702241 -150.83062761
 177.80422830  -35.95443107 -158.92731561
 177.75621958  -35.93182060 -164.78210180
 177.70823832  -35.90919103 -173.37276285
 177.66028452  -35.88654238 -180.93163668
 177.61235815  -35.86387468 -189.41224867
 177.56445920  -35.84118796 -197.37525571
 177.51658765  -35.81848224 -204.33266828
 177.46874348  -35.79575756 -212.68569061
 177.42092669  -35.77301393 -220.85670156
 177.37313725  -35.75025138 -229.42056527
 177.32537516  -35.72746994 -237.82868847
 177.27764038  -35.70466964 -246.69210576
 177.22993292  -35.68185051 -255.59237130
 177.18225274  -35.65901256 -263.56149735
 177.13459984  -35.63615584 -273.04611560
 177.08697420  -35.61328035 -283.70862934
 177.03937581  -35.59038614 -294.08753394
 176.99180463  -35.56747322 -306.49078675
 176.94426068  -35.54454163 -317.71432688
 176.89674391  -35.52159138 -332.73800833
 176.84925432  -35.49862251 -346.00506065
 176.80179189  -35.47563504 -361.18567929
 176.75435661  -35.45262900 -373.34999763
 176.70694845  -35.42960442 -386.49473247
 176.65956741  -35.40656132 -401.23999911
 176.61221346  -35.38349972 -416.51188374
 176.56488658  -35.36041966 -432.57604144
 176.51758677  -35.33732117 -448.92794606
 176.47031400  -35.31420425 -465.54223873
 176.42306825  -35.29106895 -481.43020890
 176.37584951  -35.26791529 -496.47889064
 176.32865777  -35.24474330 -510.70796656
 176.28149300  -35.22155299 -524.33261112
 176.23435519  -35.19834441 -537.65635347
 176.18724431  -35.17511757 -549.58634375
 176.14016036  -35.15187249 -561.86853134
 176.09310332  -35.12860922 -573.62389836
 176.04607316  -35.10532777 -584.71088965
 175.99906987  -35.08202816 -593.58840823
 175.95209343  -35.05871043 -597.43000000
