-1.248538590030000079e+06 8.861043018850000226e+04
-8.557045756190000102e+05 -1.444357364240000061e+04
-6.603206347209999803e+05 -5.546243085089999659e+04
-5.509740380969999824e+05 -1.193801756520000054e+05
-4.775933579239999526e+05 -1.354972736269999878e+05
-2.860542188259999966e+05 -2.601031003959999944e+05
-2.826867376389999990e+05 -3.705503815800000448e+05
-3.310965512039999594e+05 -4.510096775389999966e+05
-4.394622694929999998e+05 -6.622258599790000590e+05
-3.830158174890000373e+05 -6.988514698339999886e+05
-2.520167966390000074e+05 -5.098944412599999923e+05
-2.054664447740000032e+05 -4.139586251850000117e+05
-1.427686896940000006e+05 -4.239393788359999890e+05
-9.989294981170000392e+04 -4.657023186599999899e+05
-3.216415941319999547e+04 -5.279795802889999468e+05
-8.745224481659999583e+04 -6.250097750789999263e+05
-1.406721992960000061e+05 -8.310623066030000336e+05
-1.907154371549999923e+05 -9.083283635620001005e+05
-2.843288470090000192e+05 -9.761011837550000055e+05
-4.447582036969999899e+05 -1.025348606009999872e+06
-5.431865375820000190e+05 -1.027516109059999930e+06
-6.264216297200000845e+05 -1.029070601690000156e+06
-5.001034674399999785e+05 -8.382852398100000573e+05
-5.128934444840000360e+05 -7.891614563260000432e+05
-5.007839078710000031e+05 -6.251913140119999880e+05
-5.721460452240000013e+05 -4.735285863089999766e+05
-7.589371114250000101e+05 -4.710123747090000543e+05
-1.049758612229999853e+06 -3.135754669639999629e+05
-1.248538590030000079e+06 8.861043018850000226e+04
