-1.025007584779999917e+06 -2.710646614440000150e+06
-8.330981035619999748e+05 -2.641772865399999544e+06
-8.264852727029999951e+05 -2.615365899629999883e+06
-7.689065633310000412e+05 -2.599501024199999869e+06
-4.207211859430000186e+05 -2.320426248820000328e+06
-4.050515703569999896e+05 -2.297949494909999892e+06
-4.255865560519999708e+05 -2.241530751690000296e+06
-3.306180752689999645e+05 -2.123132419579999987e+06
-2.989369614429999492e+05 -2.046969812970000086e+06
-2.989369614429999492e+05 -2.046969812970000086e+06
-1.634242310939999879e+05 -1.986552657499999972e+06
-1.480977565670000040e+05 -1.934368782869999995e+06
-1.480977565670000040e+05 -1.934368782869999995e+06
-1.104918842430000077e+05 -1.911182072279999964e+06
-2.460866023130000031e+04 -1.925238549989999970e+06
6.451471552460000385e+04 -1.869641399519999977e+06
1.127803047220000008e+05 -1.863712609939999878e+06
1.334928651900000114e+05 -1.816246630249999929e+06
9.014678450639999937e+04 -1.692884237660000101e+06
1.205713030760000111e+05 -1.633866550199999940e+06
1.205713030760000111e+05 -1.633866550199999940e+06
2.711693664239999489e+05 -1.528732066630000016e+06
8.878854820489999838e+05 -1.279740223890000023e+06
8.265882190870000049e+05 -1.090001853550000116e+06
7.348869530950000044e+05 -1.049128550310000079e+06
7.088328482310000109e+05 -1.022037078849999933e+06
5.915607011629999615e+05 -1.109844759099999908e+06
2.085611375819999957e+05 -1.046898856210000115e+06
-8.657370963290000509e+04 -1.074741790890000062e+06
-3.320344030499999644e+05 -1.051263569080000045e+06
-4.993608797780000023e+05 -1.089526014579999959e+06
-4.447582036969999899e+05 -1.025348606009999872e+06
