1.687911400000000128e+02 -4.404194999999999993e+01
1.688008865865865857e+02 -4.403806732233734778e+01
1.688106331731731871e+02 -4.403414842623909919e+01
1.688203797597597600e+02 -4.403019347838819897e+01
1.688301263463463613e+02 -4.402620264546746398e+01
1.688398729329329342e+02 -4.402217609415987454e+01
1.688496195195195355e+02 -4.401811399114830436e+01
1.688593661061061084e+02 -4.401401650311564850e+01
1.688691126926927097e+02 -4.400988379674480200e+01
1.688788592792792826e+02 -4.400571603871867410e+01
1.688886058658658840e+02 -4.400151339572012432e+01
1.688983524524524569e+02 -4.399727603443212587e+01
1.689080990390390582e+02 -4.399300412153750273e+01
1.689178456256256311e+02 -4.398869782371921389e+01
1.689275922122122324e+02 -4.398435730766011886e+01
1.689373387987988053e+02 -4.397998274004313402e+01
1.689470853853854067e+02 -4.397557428755114017e+01
1.689568319719719796e+02 -4.397113211686706791e+01
1.689665785585585809e+02 -4.396665639467376963e+01
1.689763251451451538e+02 -4.396214728765419011e+01
1.689860717317317551e+02 -4.395760496249120308e+01
1.689958183183183280e+02 -4.395302958586772490e+01
1.690055649049049293e+02 -4.394842132446662930e+01
1.690153114914915022e+02 -4.394378034497083974e+01
1.690250580780781036e+02 -4.393910681406324414e+01
1.690348046646646765e+02 -4.393440089842673757e+01
1.690445512512512778e+02 -4.392966276474420795e+01
1.690542978378378507e+02 -4.392489257969859295e+01
1.690640444244244236e+02 -4.392009050997276631e+01
1.690737910110110249e+02 -4.391525672224960886e+01
1.690835375975975978e+02 -4.391039138321205115e+01
1.690932841841841991e+02 -4.390549465954297403e+01
1.691030307707707721e+02 -4.390056671792528675e+01
1.691127773573573734e+02 -4.389560772504187725e+01
1.691225239439439463e+02 -4.389061784757566187e+01
1.691322705305305476e+02 -4.388559725220950725e+01
1.691420171171171205e+02 -4.388054610562634394e+01
1.691517637037037218e+02 -4.387546457450905990e+01
1.691615102902902947e+02 -4.387035282554056437e+01
1.691712568768768961e+02 -4.386521102540372397e+01
1.691810034634634690e+02 -4.386003934078148347e+01
1.691907500500500703e+02 -4.385483793835668109e+01
1.692004966366366432e+02 -4.384960698481229002e+01
1.692102432232232445e+02 -4.384434664683114136e+01
1.692199898098098174e+02 -4.383905709109619409e+01
1.692297363963964187e+02 -4.383373848429027930e+01
1.692394829829829916e+02 -4.382839099309634889e+01
1.692492295695695930e+02 -4.382301478419729079e+01
1.692589761561561659e+02 -4.381761002427601426e+01
1.692687227427427672e+02 -4.381217688001536459e+01
1.692784693293293401e+02 -4.380671551809830788e+01
1.692882159159159414e+02 -4.380122610520769655e+01
1.692979625025025143e+02 -4.379570880802646116e+01
1.693077090890891157e+02 -4.379016379323747543e+01
1.693174556756756886e+02 -4.378459122752365573e+01
1.693272022622622615e+02 -4.377899127756790421e+01
1.693369488488488628e+02 -4.377336411005308037e+01
1.693466954354354357e+02 -4.376770989166213610e+01
1.693564420220220370e+02 -4.376202878907792382e+01
1.693661886086086099e+02 -4.375632096898338830e+01
1.693759351951952112e+02 -4.375058659806138195e+01
1.693856817817817841e+02 -4.374482584299484955e+01
1.693954283683683855e+02 -4.373903887046664352e+01
1.694051749549549584e+02 -4.373322584715970152e+01
1.694149215415415597e+02 -4.372738693975689728e+01
1.694246681281281326e+02 -4.372152231494115426e+01
1.694344147147147339e+02 -4.371563213939533910e+01
1.694441613013013068e+02 -4.370971657980238234e+01
1.694539078878879081e+02 -4.370377580284515062e+01
1.694636544744744810e+02 -4.369780997520656740e+01
1.694734010610610824e+02 -4.369181926356952061e+01
1.694831476476476553e+02 -4.368580383461692662e+01
1.694928942342342566e+02 -4.367976385503165915e+01
1.695026408208208295e+02 -4.367369949149663455e+01
1.695123874074074308e+02 -4.366761091069473366e+01
1.695221339939940037e+02 -4.366149827930888705e+01
1.695318805805806051e+02 -4.365536176402194712e+01
1.695416271671671780e+02 -4.364920153151687288e+01
1.695513737537537793e+02 -4.364301774847649540e+01
1.695611203403403522e+02 -4.363681058158376658e+01
1.695708669269269535e+02 -4.363058019752154593e+01
1.695806135135135264e+02 -4.362432676297278533e+01
1.695903601001000993e+02 -4.361805044462034431e+01
1.696001066866867006e+02 -4.361175140914710369e+01
1.696098532732732735e+02 -4.360542982323602246e+01
1.696195998598598749e+02 -4.359908585356991750e+01
1.696293464464464478e+02 -4.359271966683176913e+01
1.696390930330330491e+02 -4.358633142970442975e+01
1.696488396196196220e+02 -4.357992130887080862e+01
1.696585862062062233e+02 -4.357348947101380077e+01
1.696683327927927962e+02 -4.356703608281632256e+01
1.696780793793793976e+02 -4.356056131096124062e+01
1.696878259659659705e+02 -4.355406532213149262e+01
1.696975725525525718e+02 -4.354754828300993807e+01
1.697073191391391447e+02 -4.354101036027952176e+01
1.697170657257257460e+02 -4.353445172062308188e+01
1.697268123123123189e+02 -4.352787253072358453e+01
1.697365588988989202e+02 -4.352127295726386791e+01
1.697463054854854931e+02 -4.351465316692689100e+01
1.697560520720720945e+02 -4.350801332639548491e+01
1.697657986586586674e+02 -4.350135360235261572e+01
1.697755452452452687e+02 -4.349467416148112875e+01
1.697852918318318416e+02 -4.348797517046395456e+01
1.697950384184184429e+02 -4.348125679598395976e+01
1.698047850050050158e+02 -4.347451920472410336e+01
1.698145315915916171e+02 -4.346776256336720223e+01
1.698242781781781900e+02 -4.346098703859623669e+01
1.698340247647647914e+02 -4.345419279709404492e+01
1.698437713513513643e+02 -4.344738000554356461e+01
1.698535179379379372e+02 -4.344054883062769079e+01
1.698632645245245385e+02 -4.343369943902926877e+01
1.698730111111111114e+02 -4.342683199743127886e+01
1.698827576976977127e+02 -4.341994667251655216e+01
1.698925042842842856e+02 -4.341304363096803343e+01
1.699022508708708870e+02 -4.340612303946858219e+01
1.699119974574574599e+02 -4.339918506470114323e+01
1.699217440440440612e+02 -4.339222987334855475e+01
1.699314906306306341e+02 -4.338525763209379704e+01
1.699412372172172354e+02 -4.337826850761967989e+01
1.699509838038038083e+02 -4.337126266660918361e+01
1.699607303903904096e+02 -4.336424027574512507e+01
1.699704769769769825e+02 -4.335720150171048459e+01
1.699802235635635839e+02 -4.335014651118810036e+01
1.699899701501501568e+02 -4.334307547086092427e+01
1.699997167367367581e+02 -4.333598854741179451e+01
1.700094633233233310e+02 -4.332888590752366298e+01
1.700192099099099323e+02 -4.332176771787938208e+01
1.700289564964965052e+02 -4.331463414516189658e+01
1.700387030830831065e+02 -4.330748535605405181e+01
1.700484496696696795e+02 -4.330032151723879963e+01
1.700581962562562808e+02 -4.329314279539901378e+01
1.700679428428428537e+02 -4.328594935721760351e+01
1.700776894294294550e+02 -4.327874136937744254e+01
1.700874360160160279e+02 -4.327151899856147566e+01
1.700971826026026292e+02 -4.326428241145254106e+01
1.701069291891892021e+02 -4.325703177473359773e+01
1.701166757757757750e+02 -4.324976725508751940e+01
1.701264223623623764e+02 -4.324248901919717980e+01
1.701361689489489493e+02 -4.323519723374551660e+01
1.701459155355355506e+02 -4.322789206541540352e+01
1.701556621221221235e+02 -4.322057368088976403e+01
1.701654087087087248e+02 -4.321324224685145765e+01
1.701751552952952977e+02 -4.320589792998342205e+01
1.701849018818818990e+02 -4.319854089696852384e+01
1.701946484684684719e+02 -4.319117131448970781e+01
1.702043950550550733e+02 -4.318378934922981216e+01
1.702141416416416462e+02 -4.317639516787179588e+01
1.702238882282282475e+02 -4.316898893709850427e+01
1.702336348148148204e+02 -4.316157082359288921e+01
1.702433814014014217e+02 -4.315414099403778891e+01
1.702531279879879946e+02 -4.314669961511615526e+01
1.702628745745745960e+02 -4.313924685351086197e+01
1.702726211611611689e+02 -4.313178287590481830e+01
1.702823677477477702e+02 -4.312430784898089797e+01
1.702921143343343431e+02 -4.311682193942204577e+01
1.703018609209209444e+02 -4.310932531391109990e+01
1.703116075075075173e+02 -4.310181813913104065e+01
1.703213540940941186e+02 -4.309430058176467782e+01
1.703311006806806915e+02 -4.308677280849497038e+01
1.703408472672672929e+02 -4.307923498600479206e+01
1.703505938538538658e+02 -4.307168728097705923e+01
1.703603404404404671e+02 -4.306412986009463850e+01
1.703700870270270400e+02 -4.305656289004048176e+01
1.703798336136136129e+02 -4.304898653749744142e+01
1.703895802002002142e+02 -4.304140096914841962e+01
1.703993267867867871e+02 -4.303380635167634694e+01
1.704090733733733884e+02 -4.302620285176407577e+01
1.704188199599599614e+02 -4.301859063609455092e+01
1.704285665465465627e+02 -4.301096987135063188e+01
1.704383131331331356e+02 -4.300334072421525633e+01
1.704480597197197369e+02 -4.299570336137129090e+01
1.704578063063063098e+02 -4.298805794950165193e+01
1.704675528928929111e+02 -4.298040465528922738e+01
1.704772994794794840e+02 -4.297274364541694069e+01
1.704870460660660854e+02 -4.296507508656765140e+01
1.704967926526526583e+02 -4.295739914542429005e+01
1.705065392392392596e+02 -4.294971598866973039e+01
1.705162858258258325e+02 -4.294202578298691009e+01
1.705260324124124338e+02 -4.293432869505867444e+01
1.705357789989990067e+02 -4.292662489156797534e+01
1.705455255855856080e+02 -4.291891453919766519e+01
1.705552721721721809e+02 -4.291119780463068167e+01
1.705650187587587823e+02 -4.290347485454989140e+01
1.705747653453453552e+02 -4.289574585563823206e+01
1.705845119319319565e+02 -4.288801097457855604e+01
1.705942585185185294e+02 -4.288027037805379393e+01
1.706040051051051307e+02 -4.287252423274683366e+01
1.706137516916917036e+02 -4.286477270534059159e+01
1.706234982782783050e+02 -4.285701596251792012e+01
1.706332448648648779e+02 -4.284925417096178535e+01
1.706429914514514508e+02 -4.284148749735503969e+01
1.706527380380380521e+02 -4.283371610838057819e+01
1.706624846246246250e+02 -4.282594017072132431e+01
1.706722312112112263e+02 -4.281815985106014466e+01
1.706819777977977992e+02 -4.281037531607999824e+01
1.706917243843844005e+02 -4.280258673246370194e+01
1.707014709709709734e+02 -4.279479426689423605e+01
1.707112175575575748e+02 -4.278699808605443167e+01
1.707209641441441477e+02 -4.277919835662724068e+01
1.707307107307307490e+02 -4.277139524529552261e+01
1.707404573173173219e+02 -4.276358891874220092e+01
1.707502039039039232e+02 -4.275577954365014932e+01
1.707599504904904961e+02 -4.274796728670230550e+01
1.707696970770770974e+02 -4.274015231458151476e+01
1.707794436636636703e+02 -4.273233479397073609e+01
1.707891902502502717e+02 -4.272451489155282189e+01
1.707989368368368446e+02 -4.271669277401070985e+01
1.708086834234234459e+02 -4.270886860802725238e+01
1.708184300100100188e+02 -4.270104256028538714e+01
1.708281765965966201e+02 -4.269321479746798786e+01
1.708379231831831930e+02 -4.268538548625798512e+01
1.708476697697697944e+02 -4.267755479333822421e+01
1.708574163563563673e+02 -4.266972288539167835e+01
1.708671629429429686e+02 -4.266188992910117150e+01
1.708769095295295415e+02 -4.265405609114965557e+01
1.708866561161161428e+02 -4.264622153821999717e+01
1.708964027027027157e+02 -4.263838643699510556e+01
1.709061492892892886e+02 -4.263055095415791129e+01
1.709158958758758899e+02 -4.262271525639123126e+01
1.709256424624624628e+02 -4.261487951037805999e+01
1.709353890490490642e+02 -4.260704388280123567e+01
1.709451356356356371e+02 -4.259920854034368176e+01
1.709548822222222384e+02 -4.259137364968827200e+01
1.709646288088088113e+02 -4.258353937751793694e+01
1.709743753953954126e+02 -4.257570589051555743e+01
1.709841219819819855e+02 -4.256787335536404271e+01
1.709938685685685869e+02 -4.256004193874626651e+01
1.710036151551551598e+02 -4.255221180734516651e+01
1.710133617417417611e+02 -4.254438312784360221e+01
1.710231083283283340e+02 -4.253655606692451840e+01
1.710328549149149353e+02 -4.252873079127075329e+01
1.710426015015015082e+02 -4.252090746756525874e+01
1.710523480880881095e+02 -4.251308626249090850e+01
1.710620946746746824e+02 -4.250526734273062601e+01
1.710718412612612838e+02 -4.249745087496726370e+01
1.710815878478478567e+02 -4.248963702588376634e+01
1.710913344344344580e+02 -4.248182596216299345e+01
1.711010810210210309e+02 -4.247401785048788980e+01
1.711108276076076322e+02 -4.246621285754130781e+01
1.711205741941942051e+02 -4.245841115000618515e+01
1.711303207807808064e+02 -4.245061289456538844e+01
1.711400673673673793e+02 -4.244281825790184826e+01
1.711498139539539807e+02 -4.243502740669841700e+01
1.711595605405405536e+02 -4.242724050763806076e+01
1.711693071271271265e+02 -4.241945772740362486e+01
1.711790537137137278e+02 -4.241167923267801143e+01
1.711888003003003007e+02 -4.240390519014415815e+01
1.711985468868869020e+02 -4.239613576648490323e+01
1.712082934734734749e+02 -4.238837112838319854e+01
1.712180400600600763e+02 -4.238061144252191070e+01
1.712277866466466492e+02 -4.237285687558396319e+01
1.712375332332332505e+02 -4.236510759425223682e+01
1.712472798198198234e+02 -4.235736376520966218e+01
1.712570264064064247e+02 -4.234962555513907034e+01
1.712667729929929976e+02 -4.234189313072344163e+01
1.712765195795795989e+02 -4.233416665864560713e+01
1.712862661661661718e+02 -4.232644630558851162e+01
1.712960127527527732e+02 -4.231873223823502883e+01
1.713057593393393461e+02 -4.231102462326806801e+01
1.713155059259259474e+02 -4.230332362737051000e+01
1.713252525125125203e+02 -4.229562941722529956e+01
1.713349990990991216e+02 -4.228794215951526780e+01
1.713447456856856945e+02 -4.228026202092338792e+01
1.713544922722722958e+02 -4.227258916813249812e+01
1.713642388588588688e+02 -4.226492376782554317e+01
1.713739854454454701e+02 -4.225726598668536838e+01
1.713837320320320430e+02 -4.224961599139493273e+01
1.713934786186186443e+02 -4.224197394863707444e+01
1.714032252052052172e+02 -4.223434002509476670e+01
1.714129717917918185e+02 -4.222671438745081218e+01
1.714227183783783914e+02 -4.221909720238821251e+01
1.714324649649649643e+02 -4.221148863658980588e+01
1.714422115515515657e+02 -4.220388885673848733e+01
1.714519581381381386e+02 -4.219629802951718034e+01
1.714617047247247399e+02 -4.218871632160875151e+01
1.714714513113113128e+02 -4.218114389969615274e+01
1.714811978978979141e+02 -4.217358093046222933e+01
1.714909444844844870e+02 -4.216602758058992606e+01
1.715006910710710883e+02 -4.215848401676209534e+01
1.715104376576576612e+02 -4.215095040566167484e+01
1.715201842442442626e+02 -4.214342691397153828e+01
1.715299308308308355e+02 -4.213591370837460204e+01
1.715396774174174368e+02 -4.212841095555373983e+01
1.715494240040040097e+02 -4.212091882219189642e+01
1.715591705905906110e+02 -4.211343747497191714e+01
1.715689171771771839e+02 -4.210596708057673965e+01
1.715786637637637853e+02 -4.209850780568923767e+01
1.715884103503503582e+02 -4.209105981699233467e+01
1.715981569369369595e+02 -4.208362328116889728e+01
1.716079035235235324e+02 -4.207619836490187026e+01
1.716176501101101337e+02 -4.206878523487409183e+01
1.716273966966967066e+02 -4.206138405776852096e+01
1.716371432832833079e+02 -4.205399500026801007e+01
1.716468898698698808e+02 -4.204661822905549684e+01
1.716566364564564822e+02 -4.203925391081384078e+01
1.716663830430430551e+02 -4.203190221222597245e+01
1.716761296296296564e+02 -4.202456329997477269e+01
1.716858762162162293e+02 -4.201723734074316496e+01
1.716956228028028022e+02 -4.200992450121402300e+01
1.717053693893894035e+02 -4.200262494807023472e+01
1.717151159759759764e+02 -4.199533884799473071e+01
1.717248625625625778e+02 -4.198806636767038469e+01
1.717346091491491507e+02 -4.198080767378012723e+01
1.717443557357357520e+02 -4.197356293300680363e+01
1.717541023223223249e+02 -4.196633231203337999e+01
1.717638489089089262e+02 -4.195911597754270161e+01
1.717735954954954991e+02 -4.195191409621769196e+01
1.717833420820821004e+02 -4.194472683474123187e+01
1.717930886686686733e+02 -4.193755435979625190e+01
1.718028352552552747e+02 -4.193039683806561158e+01
1.718125818418418476e+02 -4.192325443623225567e+01
1.718223284284284489e+02 -4.191612732097902949e+01
1.718320750150150218e+02 -4.190901565898887782e+01
1.718418216016016231e+02 -4.190191961694466727e+01
1.718515681881881960e+02 -4.189483936152932131e+01
1.718613147747747973e+02 -4.188777505942571366e+01
1.718710613613613702e+02 -4.188072687731677490e+01
1.718808079479479716e+02 -4.187369498188536454e+01
1.718905545345345445e+02 -4.186667953981442736e+01
1.719003011211211458e+02 -4.185968071778681576e+01
1.719100477077077187e+02 -4.185269868248548164e+01
1.719197942942943200e+02 -4.184573360059326319e+01
1.719295408808808929e+02 -4.183878563879311230e+01
1.719392874674674943e+02 -4.183185496376787427e+01
1.719490340540540672e+02 -4.182494174220050809e+01
1.719587806406406401e+02 -4.181804614077388038e+01
1.719685272272272414e+02 -4.181116832617087198e+01
1.719782738138138143e+02 -4.180430846507442055e+01
1.719880204004004156e+02 -4.179746672416737852e+01
1.719977669869869885e+02 -4.179064327013270486e+01
1.720075135735735898e+02 -4.178383826965324488e+01
1.720172601601601627e+02 -4.177705188941194336e+01
1.720270067467467641e+02 -4.177028429609164561e+01
1.720367533333333370e+02 -4.176353565637529641e+01
1.720464999199199383e+02 -4.175680613694576238e+01
1.720562465065065112e+02 -4.175009590448597407e+01
1.720659930930931125e+02 -4.174340512567880523e+01
1.720757396796796854e+02 -4.173673396720717221e+01
1.720854862662662867e+02 -4.173008259575395584e+01
1.720952328528528597e+02 -4.172345117800206538e+01
1.721049794394394610e+02 -4.171683988063438875e+01
1.721147260260260339e+02 -4.171024887033384232e+01
1.721244726126126352e+02 -4.170367831378331402e+01
1.721342191991992081e+02 -4.169712837766572022e+01
1.721439657857858094e+02 -4.169059922866392043e+01
1.721537123723723823e+02 -4.168409103346087363e+01
1.721634589589589837e+02 -4.167760395873939672e+01
1.721732055455455566e+02 -4.167113817118246999e+01
1.721829521321321579e+02 -4.166469383747293875e+01
1.721926987187187308e+02 -4.165827112429373358e+01
1.722024453053053321e+02 -4.165187019832771398e+01
1.722121918918919050e+02 -4.164549122625783184e+01
1.722219384784784779e+02 -4.163913437476696799e+01
1.722316850650650792e+02 -4.163279981053797485e+01
1.722414316516516521e+02 -4.162648770025381850e+01
1.722511782382382535e+02 -4.162019821059735136e+01
1.722609248248248264e+02 -4.161393150825149689e+01
1.722706714114114277e+02 -4.160768775989913593e+01
1.722804179979980006e+02 -4.160146713222319192e+01
1.722901645845846019e+02 -4.159526979190653151e+01
1.722999111711711748e+02 -4.158909590563209235e+01
1.723096577577577762e+02 -4.158294564008272687e+01
1.723194043443443491e+02 -4.157681916194137983e+01
1.723291509309309504e+02 -4.157071663789091076e+01
1.723388975175175233e+02 -4.156463794596576378e+01
1.723486441041041246e+02 -4.155858134080312993e+01
1.723583906906906975e+02 -4.155254450995181514e+01
1.723681372772772988e+02 -4.154652514036799005e+01
1.723778838638638717e+02 -4.154052091900781818e+01
1.723876304504504731e+02 -4.153452953282748439e+01
1.723973770370370460e+02 -4.152854866878315221e+01
1.724071236236236473e+02 -4.152257601383100649e+01
1.724168702102102202e+02 -4.151660925492720366e+01
1.724266167967968215e+02 -4.151064607902792147e+01
1.724363633833833944e+02 -4.150468417308935187e+01
1.724461099699699957e+02 -4.149872122406762998e+01
1.724558565565565686e+02 -4.149275491891898326e+01
1.724656031431431700e+02 -4.148678294459952554e+01
1.724753497297297429e+02 -4.148080298806547717e+01
1.724850963163163158e+02 -4.147481273627300169e+01
1.724948429029029171e+02 -4.146880987617824132e+01
1.725045894894894900e+02 -4.146279209473740224e+01
1.725143360760760913e+02 -4.145675707890663375e+01
1.725240826626626642e+02 -4.145070251564212782e+01
1.725338292492492656e+02 -4.144462609190005509e+01
1.725435758358358385e+02 -4.143852549463658619e+01
1.725533224224224398e+02 -4.143239841080788466e+01
1.725630690090090127e+02 -4.142624252737014956e+01
1.725728155955956140e+02 -4.142005553127952311e+01
1.725825621821821869e+02 -4.141383510949219726e+01
1.725923087687687882e+02 -4.140757894896432134e+01
1.726020553553553611e+02 -4.140128473665211573e+01
1.726118019419419625e+02 -4.139495015951170132e+01
1.726215485285285354e+02 -4.138857290449930559e+01
1.726312951151151367e+02 -4.138215065857104946e+01
1.726410417017017096e+02 -4.137568110868313909e+01
1.726507882882883109e+02 -4.136916194179170958e+01
1.726605348748748838e+02 -4.136259084485298843e+01
1.726702814614614852e+02 -4.135596550482310363e+01
1.726800280480480581e+02 -4.134928360865826846e+01
1.726897746346346594e+02 -4.134254284331461804e+01
1.726995212212212323e+02 -4.133574089574835142e+01
1.727092678078078336e+02 -4.132887545291561082e+01
1.727190143943944065e+02 -4.132194420177260952e+01
1.727287609809810078e+02 -4.131494482927548972e+01
1.727385075675675807e+02 -4.130787502238045050e+01
1.727482541541541536e+02 -4.130073246804366960e+01
1.727580007407407550e+02 -4.129351485322125370e+01
1.727677473273273279e+02 -4.128621986486945872e+01
1.727774939139139292e+02 -4.127884518994439844e+01
1.727872405005005021e+02 -4.127138851540228615e+01
1.727969870870871034e+02 -4.126384752819926405e+01
1.728067336736736763e+02 -4.125621991529154542e+01
1.728164802602602776e+02 -4.124850336363525116e+01
1.728262268468468505e+02 -4.124069556018660876e+01
1.728359734334334519e+02 -4.123279419190173201e+01
1.728457200200200248e+02 -4.122479694573686970e+01
1.728554666066066261e+02 -4.121670150864811433e+01
1.728652131931931990e+02 -4.120850556759169336e+01
1.728749597797798003e+02 -4.120020680952374903e+01
1.728847063663663732e+02 -4.119180292140048749e+01
1.728944529529529746e+02 -4.118329159017804386e+01
1.729041995395395475e+02 -4.117467050281263141e+01
1.729139461261261488e+02 -4.116593734626038525e+01
1.729236927127127217e+02 -4.115708980747751866e+01
1.729334392992993230e+02 -4.114812557342015253e+01
1.729431858858858959e+02 -4.113904233104450725e+01
1.729529324724724972e+02 -4.112983776730673213e+01
1.729626790590590701e+02 -4.112050956916301914e+01
1.729724256456456715e+02 -4.111105542356949627e+01
1.729821722322322444e+02 -4.110147301748240523e+01
1.729919188188188457e+02 -4.109176003785785980e+01
1.730016654054054186e+02 -4.108191417165207326e+01
1.730114119919920199e+02 -4.107193310582117363e+01
1.730211585785785928e+02 -4.106181452732140968e+01
1.730309051651651657e+02 -4.105155612310888102e+01
1.730406517517517671e+02 -4.104115558013977250e+01
1.730503983383383400e+02 -4.103061058537031158e+01
1.730601449249249413e+02 -4.101991882575659076e+01
1.730698915115115142e+02 -4.100907798825484463e+01
1.730796380980981155e+02 -4.099808575982120828e+01
1.730893846846846884e+02 -4.098693982741190212e+01
1.730991312712712897e+02 -4.097563787798303991e+01
1.731088778578578626e+02 -4.096417759849085627e+01
1.731186244444444640e+02 -4.095255667589145077e+01
1.731283710310310369e+02 -4.094077279714108641e+01
1.731381176176176382e+02 -4.092882364919584148e+01
1.731478642042042111e+02 -4.091670691901197188e+01
1.731576107907908124e+02 -4.090442029354559139e+01
1.731673573773773853e+02 -4.089196145975292040e+01
1.731771039639639866e+02 -4.087932810459007982e+01
1.731868505505505595e+02 -4.086651791501330422e+01
1.731965971371371609e+02 -4.085352857797870740e+01
1.732063437237237338e+02 -4.084035778044251686e+01
1.732160903103103351e+02 -4.082700320936083926e+01
1.732258368968969080e+02 -4.081346255168992343e+01
1.732355834834835093e+02 -4.079973349438587604e+01
1.732453300700700822e+02 -4.078581372440493169e+01
1.732550766566566836e+02 -4.077170092870318996e+01
1.732648232432432565e+02 -4.075739279423692096e+01
1.732745698298298294e+02 -4.074288700796222429e+01
1.732843164164164307e+02 -4.072818125683527057e+01
1.732940630030030036e+02 -4.071327322781228020e+01
1.733038095895896049e+02 -4.069816060784935985e+01
1.733135561761761778e+02 -4.068284108390277254e+01
1.733233027627627791e+02 -4.066731234292859654e+01
1.733330493493493520e+02 -4.065157207188309485e+01
1.733427959359359534e+02 -4.063561801202955337e+01
1.733525425225225263e+02 -4.061945209957350045e+01
1.733622891091091276e+02 -4.060308337758154806e+01
1.733720356956957005e+02 -4.058652157704459995e+01
1.733817822822823018e+02 -4.056977642895337510e+01
1.733915288688688747e+02 -4.055285766429877725e+01
1.734012754554554760e+02 -4.053577501407153250e+01
1.734110220420420490e+02 -4.051853820926254457e+01
1.734207686286286503e+02 -4.050115698086254667e+01
1.734305152152152232e+02 -4.048364105986242123e+01
1.734402618018018245e+02 -4.046600017725292275e+01
1.734500083883883974e+02 -4.044824406402495498e+01
1.734597549749749987e+02 -4.043038245116921559e+01
1.734695015615615716e+02 -4.041242506967662962e+01
1.734792481481481730e+02 -4.039438165053790186e+01
1.734889947347347459e+02 -4.037626192474396447e+01
1.734987413213213472e+02 -4.035807562328550802e+01
1.735084879079079201e+02 -4.033983247715347176e+01
1.735182344944945214e+02 -4.032154221733854627e+01
1.735279810810810943e+02 -4.030321457483168501e+01
1.735377276676676956e+02 -4.028485928062356436e+01
1.735474742542542685e+02 -4.026648606570510935e+01
1.735572208408408414e+02 -4.024810466106708873e+01
1.735669674274274428e+02 -4.022972479770025700e+01
1.735767140140140157e+02 -4.021135620659554633e+01
1.735864606006006170e+02 -4.019300861874366859e+01
1.735962071871871899e+02 -4.017469176513552753e+01
1.736059537737737912e+02 -4.015641537676182793e+01
1.736157003603603641e+02 -4.013818918461350904e+01
1.736254469469469655e+02 -4.012002291968127565e+01
1.736351935335335384e+02 -4.010192631295603150e+01
1.736449401201201397e+02 -4.008390909542850977e+01
1.736546867067067126e+02 -4.006598099808962132e+01
1.736644332932933139e+02 -4.004815175193005672e+01
1.736741798798798868e+02 -4.003043108794076232e+01
1.736839264664664881e+02 -4.001282873711245003e+01
1.736936730530530610e+02 -3.999535443043600225e+01
1.737034196396396624e+02 -3.997801789890216639e+01
1.737131662262262353e+02 -3.996082887350183910e+01
1.737229128128128366e+02 -3.994379708522576067e+01
1.737326593993994095e+02 -3.992693226506479931e+01
1.737424059859860108e+02 -3.991024414400970954e+01
1.737521525725725837e+02 -3.989374245305139510e+01
1.737618991591591850e+02 -3.987743692318057498e+01
1.737716457457457579e+02 -3.986133728538814580e+01
1.737813923323323593e+02 -3.984545327066484077e+01
1.737911389189189322e+02 -3.982979461000155652e+01
1.738008855055055051e+02 -3.981437103438907599e+01
1.738106320920921064e+02 -3.979919227481815369e+01
1.738203786786786793e+02 -3.978426806227970758e+01
1.738301252652652806e+02 -3.976960812698195014e+01
1.738398718518518535e+02 -3.975521944168116306e+01
1.738496184384384549e+02 -3.974110003752050346e+01
1.738593650250250278e+02 -3.972724613642473201e+01
1.738691116116116291e+02 -3.971365396031840334e+01
1.738788581981982020e+02 -3.970031973112629942e+01
1.738886047847848033e+02 -3.968723967077297488e+01
1.738983513713713762e+02 -3.967441000118316197e+01
1.739080979579579775e+02 -3.966182694428148636e+01
1.739178445445445504e+02 -3.964948672199267321e+01
1.739275911311311518e+02 -3.963738555624131266e+01
1.739373377177177247e+02 -3.962551966895212985e+01
1.739470843043043260e+02 -3.961388528204972204e+01
1.739568308908908989e+02 -3.960247861745884279e+01
1.739665774774775002e+02 -3.959129589710406094e+01
1.739763240640640731e+02 -3.958033334291013006e+01
1.739860706506506745e+02 -3.956958717680163318e+01
1.739958172372372474e+02 -3.955905362070331677e+01
1.740055638238238487e+02 -3.954872889653977808e+01
1.740153104104104216e+02 -3.953860922623572094e+01
1.740250569969970229e+02 -3.952869083171577103e+01
1.740348035835835958e+02 -3.951896993490464638e+01
1.740445501701701971e+02 -3.950944275772695846e+01
1.740542967567567700e+02 -3.950010552210742532e+01
1.740640433433433714e+02 -3.949095444997065130e+01
1.740737899299299443e+02 -3.948198576324136155e+01
1.740835365165165172e+02 -3.947319568384418176e+01
1.740932831031031185e+02 -3.946458043370378022e+01
1.741030296896896914e+02 -3.945613623474483234e+01
1.741127762762762927e+02 -3.944785930889198511e+01
1.741225228628628656e+02 -3.943974587806994947e+01
1.741322694494494669e+02 -3.943179216420330846e+01
1.741420160360360398e+02 -3.942399438921681565e+01
1.741517626226226412e+02 -3.941634877503506118e+01
1.741615092092092141e+02 -3.940885154358277731e+01
1.741712557957958154e+02 -3.940149891678455418e+01
1.741810023823823883e+02 -3.939428711656513826e+01
1.741907489689689896e+02 -3.938721236484911969e+01
1.742004955555555625e+02 -3.938027088356121652e+01
1.742102421421421639e+02 -3.937345889462605442e+01
1.742199887287287368e+02 -3.936677261996834432e+01
1.742297353153153381e+02 -3.936020828151269768e+01
1.742394819019019110e+02 -3.935376210118381834e+01
1.742492284884885123e+02 -3.934743030090633198e+01
1.742589750750750852e+02 -3.934120910260496373e+01
1.742687216616616865e+02 -3.933509472820430375e+01
1.742784682482482594e+02 -3.932908339962908428e+01
1.742882148348348608e+02 -3.932317133880393101e+01
1.742979614214214337e+02 -3.931735476765351223e+01
1.743077080080080350e+02 -3.931162990810250335e+01
1.743174545945946079e+02 -3.930599298207556558e+01
1.743272011811811808e+02 -3.930044021149738143e+01
1.743369477677677821e+02 -3.929496781829256236e+01
1.743466943543543550e+02 -3.928957202438583352e+01
1.743564409409409564e+02 -3.928424905170179926e+01
1.743661875275275293e+02 -3.927899512216519184e+01
1.743759341141141306e+02 -3.927380645770062273e+01
1.743856807007007035e+02 -3.926867928023278154e+01
1.743954272872873048e+02 -3.926360981168631525e+01
1.744051738738738777e+02 -3.925859427398592061e+01
1.744149204604604790e+02 -3.925362888905621617e+01
1.744246670470470519e+02 -3.924870987882191287e+01
1.744344136336336533e+02 -3.924383346520764348e+01
1.744441602202202262e+02 -3.923899587013809054e+01
1.744539068068068275e+02 -3.923419331553790101e+01
1.744636533933934004e+02 -3.922942202333176454e+01
1.744733999799800017e+02 -3.922467821544430677e+01
1.744831465665665746e+02 -3.921995811380023866e+01
1.744928931531531759e+02 -3.921525794032420009e+01
1.745026397397397488e+02 -3.921057391694084515e+01
1.745123863263263502e+02 -3.920590226557485636e+01
1.745221329129129231e+02 -3.920123920815090912e+01
1.745318794994995244e+02 -3.919658096659362201e+01
1.745416260860860973e+02 -3.919192376282772017e+01
1.745513726726726986e+02 -3.918726381877780796e+01
1.745611192592592715e+02 -3.918259735636860341e+01
1.745708658458458729e+02 -3.917792059752473932e+01
1.745806124324324458e+02 -3.917322976417088398e+01
1.745903590190190471e+02 -3.916852107823170570e+01
1.746001056056056200e+02 -3.916379076163187989e+01
1.746098521921921929e+02 -3.915903503629606774e+01
1.746195987787787942e+02 -3.915425012414890915e+01
1.746293453653653671e+02 -3.914943224711510084e+01
1.746390919519519684e+02 -3.914457762711927558e+01
1.746488385385385413e+02 -3.913968248608613720e+01
1.746585851251251427e+02 -3.913474304594030428e+01
1.746683317117117156e+02 -3.912975560678350462e+01
1.746780782982983169e+02 -3.912471866905618612e+01
1.746878248848848898e+02 -3.911963318334641571e+01
1.746975714714714911e+02 -3.911450022856215014e+01
1.747073180580580640e+02 -3.910932088361141012e+01
1.747170646446446653e+02 -3.910409622740213820e+01
1.747268112312312383e+02 -3.909882733884238348e+01
1.747365578178178396e+02 -3.909351529684006721e+01
1.747463044044044125e+02 -3.908816118030323139e+01
1.747560509909910138e+02 -3.908276606813985410e+01
1.747657975775775867e+02 -3.907733103925792051e+01
1.747755441641641880e+02 -3.907185717256541579e+01
1.747852907507507609e+02 -3.906634554697034645e+01
1.747950373373373623e+02 -3.906079724138066922e+01
1.748047839239239352e+02 -3.905521333470440482e+01
1.748145305105105365e+02 -3.904959490584952420e+01
1.748242770970971094e+02 -3.904394303372404096e+01
1.748340236836837107e+02 -3.903825879723590475e+01
1.748437702702702836e+02 -3.903254327529314338e+01
1.748535168568568565e+02 -3.902679754680373492e+01
1.748632634434434578e+02 -3.902102269067565032e+01
1.748730100300300307e+02 -3.901521978581691030e+01
1.748827566166166321e+02 -3.900938991113547871e+01
1.748925032032032050e+02 -3.900353414553935494e+01
1.749022497897898063e+02 -3.899765356793651705e+01
1.749119963763763792e+02 -3.899174925723499285e+01
1.749217429629629805e+02 -3.898582229234271068e+01
1.749314895495495534e+02 -3.897987375216771966e+01
1.749412361361361548e+02 -3.897390471561796232e+01
1.749509827227227277e+02 -3.896791626160146649e+01
1.749607293093093290e+02 -3.896190946902618890e+01
1.749704758958959019e+02 -3.895588541680014316e+01
1.749802224824825032e+02 -3.894984518383130023e+01
1.749899690690690761e+02 -3.894378984902767371e+01
1.749997156556556774e+02 -3.893772049129722745e+01
1.750094622422422503e+02 -3.893163818954797506e+01
1.750192088288288517e+02 -3.892554402268787328e+01
1.750289554154154246e+02 -3.891943906962494282e+01
1.750387020020020259e+02 -3.891332440926716174e+01
1.750484485885885988e+02 -3.890720112052252233e+01
1.750581951751752001e+02 -3.890107028229898845e+01
1.750679417617617730e+02 -3.889493297350460210e+01
1.750776883483483743e+02 -3.888879027304729874e+01
1.750874349349349473e+02 -3.888264325983511327e+01
1.750971815215215486e+02 -3.887649301277599534e+01
1.751069281081081215e+02 -3.887034061077796565e+01
1.751166746946947228e+02 -3.886418713274899517e+01
1.751264212812812957e+02 -3.885803365759707617e+01
1.751361678678678686e+02 -3.885188126423021515e+01
1.751459144544544699e+02 -3.884573103155636886e+01
1.751556610410410428e+02 -3.883958403848356511e+01
1.751654076276276442e+02 -3.883344136391974644e+01
1.751751542142142171e+02 -3.882730408677296907e+01
1.751849008008008184e+02 -3.882117328595114003e+01
1.751946473873873913e+02 -3.881505004036232265e+01
1.752043939739739926e+02 -3.880893542891445946e+01
1.752141405605605655e+02 -3.880283053051556408e+01
1.752238871471471668e+02 -3.879673642407360035e+01
1.752336337337337397e+02 -3.879065418849659608e+01
1.752433803203203411e+02 -3.878458490269250802e+01
1.752531269069069140e+02 -3.877852964556934978e+01
1.752628734934935153e+02 -3.877248949603507810e+01
1.752726200800800882e+02 -3.876646553299773501e+01
1.752823666666666895e+02 -3.876045883536523462e+01
1.752921132532532624e+02 -3.875447048204564737e+01
1.753018598398398638e+02 -3.874850155194690871e+01
1.753116064264264367e+02 -3.874255312397702511e+01
1.753213530130130380e+02 -3.873662627704398176e+01
1.753310995995996109e+02 -3.873072209005578515e+01
1.753408461861862122e+02 -3.872484164192039913e+01
1.753505927727727851e+02 -3.871898601154583730e+01
1.753603393593593864e+02 -3.871315627784005642e+01
1.753700859459459593e+02 -3.870735351971109139e+01
1.753798325325325322e+02 -3.870157881606691319e+01
1.753895791191191336e+02 -3.869583324581547146e+01
1.753993257057057065e+02 -3.869011788786481532e+01
1.754090722922923078e+02 -3.868443382112288731e+01
1.754188188788788807e+02 -3.867878212449772235e+01
1.754285654654654820e+02 -3.867316387689725588e+01
1.754383120520520549e+02 -3.866758015722952990e+01
1.754480586386386562e+02 -3.866203204440250829e+01
1.754578052252252292e+02 -3.865652061732418332e+01
1.754675518118118305e+02 -3.865104695490253306e+01
1.754772983983984034e+02 -3.864561213604557111e+01
1.754870449849850047e+02 -3.864021723966126842e+01
1.754967915715715776e+02 -3.863486334465762440e+01
1.755065381581581789e+02 -3.862955152994261709e+01
1.755162847447447518e+02 -3.862428287442426011e+01
1.755260313313313532e+02 -3.861905845701050310e+01
1.755357779179179261e+02 -3.861387935660936677e+01
1.755455245045045274e+02 -3.860874665212882917e+01
1.755552710910911003e+02 -3.860366142247690391e+01
1.755650176776777016e+02 -3.859862474656153353e+01
1.755747642642642745e+02 -3.859363770329075294e+01
1.755845108508508758e+02 -3.858870137157251179e+01
1.755942574374374487e+02 -3.858381683031483078e+01
1.756040040240240501e+02 -3.857898515842568088e+01
1.756137506106106230e+02 -3.857420743481308989e+01
1.756234971971972243e+02 -3.856948473838498614e+01
1.756332437837837972e+02 -3.856481814804939745e+01
1.756429903703703985e+02 -3.856020874271429477e+01
1.756527369569569714e+02 -3.855565760128769170e+01
1.756624835435435443e+02 -3.855116580267756632e+01
1.756722301301301457e+02 -3.854673442579189668e+01
1.756819767167167186e+02 -3.854236454953868929e+01
1.756917233033033199e+02 -3.853805725176395924e+01
1.757014698898898928e+02 -3.853381354908498224e+01
1.757112164764764941e+02 -3.852963436461881486e+01
1.757209630630630670e+02 -3.852552061360139390e+01
1.757307096496496683e+02 -3.852147321126865620e+01
1.757404562362362412e+02 -3.851749307285655277e+01
1.757502028228228426e+02 -3.851358111360099201e+01
1.757599494094094155e+02 -3.850973824873796758e+01
1.757696959959960168e+02 -3.850596539350336656e+01
1.757794425825825897e+02 -3.850226346313316128e+01
1.757891891691691910e+02 -3.849863337286327436e+01
1.757989357557557639e+02 -3.849507603792964971e+01
1.758086823423423652e+02 -3.849159237356823127e+01
1.758184289289289381e+02 -3.848818329501497004e+01
1.758281755155155395e+02 -3.848484971750577444e+01
1.758379221021021124e+02 -3.848159255627661679e+01
1.758476686886887137e+02 -3.847841272656340550e+01
1.758574152752752866e+02 -3.847531114360210580e+01
1.758671618618618879e+02 -3.847228872262864741e+01
1.758769084484484608e+02 -3.846934637887897424e+01
1.758866550350350622e+02 -3.846648502758900889e+01
1.758964016216216351e+02 -3.846370558399470951e+01
1.759061482082082080e+02 -3.846100896333203423e+01
1.759158947947948093e+02 -3.845839608083687011e+01
1.759256413813813822e+02 -3.845586785174519662e+01
1.759353879679679835e+02 -3.845342519129293635e+01
1.759451345545545564e+02 -3.845106901471604743e+01
1.759548811411411577e+02 -3.844880023725044538e+01
1.759646277277277306e+02 -3.844661977413208831e+01
1.759743743143143320e+02 -3.844452854059690594e+01
1.759841209009009049e+02 -3.844252745188085640e+01
1.759938674874875062e+02 -3.844061742321984099e+01
1.760036140740740791e+02 -3.843879936984983203e+01
1.760133606606606804e+02 -3.843707420700675925e+01
1.760231072472472533e+02 -3.843544284992657367e+01
1.760328538338338547e+02 -3.843390621384519790e+01
1.760426004204204276e+02 -3.843246521399857585e+01
1.760523470070070289e+02 -3.843112076562265145e+01
1.760620935935936018e+02 -3.842987378395336151e+01
1.760718401801802031e+02 -3.842872516395211591e+01
1.760815867667667760e+02 -3.842767467844470275e+01
1.760913333533533773e+02 -3.842672041312498976e+01
1.761010799399399502e+02 -3.842586031448881556e+01
1.761108265265265516e+02 -3.842509232903204008e+01
1.761205731131131245e+02 -3.842441440325052326e+01
1.761303196996997258e+02 -3.842382448364012504e+01
1.761400662862862987e+02 -3.842332051669667692e+01
1.761498128728729000e+02 -3.842290044891607437e+01
1.761595594594594729e+02 -3.842256222679414179e+01
1.761693060460460742e+02 -3.842230379682673913e+01
1.761790526326326471e+02 -3.842212310550976184e+01
1.761887992192192200e+02 -3.842201809933902013e+01
1.761985458058058214e+02 -3.842198672481038102e+01
1.762082923923923943e+02 -3.842202692841971157e+01
1.762180389789789956e+02 -3.842213665666285749e+01
1.762277855655655685e+02 -3.842231385603568583e+01
1.762375321521521698e+02 -3.842255647303404942e+01
1.762472787387387427e+02 -3.842286245415379398e+01
1.762570253253253441e+02 -3.842322974589079365e+01
1.762667719119119170e+02 -3.842365629474090127e+01
1.762765184984985183e+02 -3.842414004719995546e+01
1.762862650850850912e+02 -3.842467894976383036e+01
1.762960116716716925e+02 -3.842527094892838591e+01
1.763057582582582654e+02 -3.842591399118946072e+01
1.763155048448448667e+02 -3.842660602304292894e+01
1.763252514314314396e+02 -3.842734499098463630e+01
1.763349980180180410e+02 -3.842812884151044273e+01
1.763447446046046139e+02 -3.842895552111618684e+01
1.763544911911912152e+02 -3.842982297629775701e+01
1.763642377777777881e+02 -3.843072915355100605e+01
1.763739843643643894e+02 -3.843167199937176548e+01
1.763837309509509623e+02 -3.843264946025590234e+01
1.763934775375375636e+02 -3.843365948269927657e+01
1.764032241241241366e+02 -3.843470001319774809e+01
1.764129707107107379e+02 -3.843576899824717685e+01
1.764227172972973108e+02 -3.843686438434339436e+01
1.764324638838838837e+02 -3.843798411798227477e+01
1.764422104704704850e+02 -3.843912614565969221e+01
1.764519570570570579e+02 -3.844028841387147821e+01
1.764617036436436592e+02 -3.844146886911348560e+01
1.764714502302302321e+02 -3.844266545788160272e+01
1.764811968168168335e+02 -3.844387612667164689e+01
1.764909434034034064e+02 -3.844509882197950645e+01
1.765006899899900077e+02 -3.844633149030101293e+01
1.765104365765765806e+02 -3.844757207813202626e+01
1.765201831631631819e+02 -3.844881853196842769e+01
1.765299297497497548e+02 -3.845006879830604873e+01
1.765396763363363561e+02 -3.845132082364074932e+01
1.765494229229229290e+02 -3.845257255446838940e+01
1.765591695095095304e+02 -3.845382193728484310e+01
1.765689160960961033e+02 -3.845506691858592063e+01
1.765786626826827046e+02 -3.845630544486753166e+01
1.765884092692692775e+02 -3.845753546262550060e+01
1.765981558558558788e+02 -3.845875491835568027e+01
1.766079024424424517e+02 -3.845996175855394483e+01
1.766176490290290531e+02 -3.846115392971616131e+01
1.766273956156156260e+02 -3.846232937833815413e+01
1.766371422022022273e+02 -3.846348605091579742e+01
1.766468887887888002e+02 -3.846462189394495113e+01
1.766566353753754015e+02 -3.846573485392146097e+01
1.766663819619619744e+02 -3.846682287734118688e+01
1.766761285485485757e+02 -3.846788391069997459e+01
1.766858751351351486e+02 -3.846891590049371246e+01
1.766956217217217500e+02 -3.846991679321822488e+01
1.767053683083083229e+02 -3.847088453536938601e+01
1.767151148948948958e+02 -3.847181707344304868e+01
1.767248614814814971e+02 -3.847271235393505151e+01
1.767346080680680700e+02 -3.847356832334128285e+01
1.767443546546546713e+02 -3.847438292815758132e+01
1.767541012412412442e+02 -3.847515411487979975e+01
1.767638478278278455e+02 -3.847587983000380518e+01
1.767735944144144185e+02 -3.847655802002544334e+01
1.767833410010010198e+02 -3.847718663144058127e+01
1.767930875875875927e+02 -3.847776361074506468e+01
1.768028341741741940e+02 -3.847828690443476773e+01
1.768125807607607669e+02 -3.847875445900552194e+01
1.768223273473473682e+02 -3.847916422095319433e+01
1.768320739339339411e+02 -3.847951413677365906e+01
1.768418205205205425e+02 -3.847980215296274054e+01
1.768515671071071154e+02 -3.848002621601632001e+01
1.768613136936937167e+02 -3.848018427243023609e+01
1.768710602802802896e+02 -3.848027426870036294e+01
1.768808068668668909e+02 -3.848029415132255338e+01
1.768905534534534638e+02 -3.848024186679266023e+01
1.769003000400400651e+02 -3.848011536160653634e+01
1.769100466266266380e+02 -3.847991258226002742e+01
1.769197932132132394e+02 -3.847963190281836887e+01
1.769295397997998123e+02 -3.847927369472005665e+01
1.769392863863864136e+02 -3.847883891217518482e+01
1.769490329729729865e+02 -3.847832850946288374e+01
1.769587795595595594e+02 -3.847774344086231935e+01
1.769685261461461607e+02 -3.847708466065260069e+01
1.769782727327327336e+02 -3.847635312311290789e+01
1.769880193193193350e+02 -3.847554978252235713e+01
1.769977659059059079e+02 -3.847467559316008590e+01
1.770075124924925092e+02 -3.847373150930526720e+01
1.770172590790790821e+02 -3.847271848523702431e+01
1.770270056656656834e+02 -3.847163747523450184e+01
1.770367522522522563e+02 -3.847048943357683726e+01
1.770464988388388576e+02 -3.846927531454318228e+01
1.770562454254254305e+02 -3.846799607241268859e+01
1.770659920120120319e+02 -3.846665266146447237e+01
1.770757385985986048e+02 -3.846524603597768532e+01
1.770854851851852061e+02 -3.846377715023149335e+01
1.770952317717717790e+02 -3.846224695850501973e+01
1.771049783583583803e+02 -3.846065641507740196e+01
1.771147249449449532e+02 -3.845900647422780594e+01
1.771244715315315545e+02 -3.845729809023534074e+01
1.771342181181181274e+02 -3.845553221737917227e+01
1.771439647047047288e+02 -3.845370980993843801e+01
1.771537112912913017e+02 -3.845183182219229678e+01
1.771634578778779030e+02 -3.844989920841985054e+01
1.771732044644644759e+02 -3.844791292290027940e+01
1.771829510510510772e+02 -3.844587391991271375e+01
1.771926976376376501e+02 -3.844378315373630528e+01
1.772024442242242515e+02 -3.844164157865017728e+01
1.772121908108108244e+02 -3.843945014893348855e+01
1.772219373973974257e+02 -3.843720949463836689e+01
1.772316839839839986e+02 -3.843490613803473366e+01
1.772414305705705715e+02 -3.843250735432181386e+01
1.772511771571571728e+02 -3.842997903542257632e+01
1.772609237437437457e+02 -3.842728707325993298e+01
1.772706703303303470e+02 -3.842439735975679582e+01
1.772804169169169199e+02 -3.842127578683612654e+01
1.772901635035035213e+02 -3.841788824642083711e+01
1.772999100900900942e+02 -3.841420063043386790e+01
1.773096566766766955e+02 -3.841017883079811668e+01
1.773194032632632684e+02 -3.840578873943656646e+01
1.773291498498498697e+02 -3.840099624827210079e+01
1.773388964364364426e+02 -3.839576724922769557e+01
1.773486430230230440e+02 -3.839006763422622015e+01
1.773583896096096169e+02 -3.838386329519065754e+01
1.773681361961962182e+02 -3.837712012404389839e+01
1.773778827827827911e+02 -3.836980401270891150e+01
1.773876293693693924e+02 -3.836188085310858753e+01
1.773973759559559653e+02 -3.835331653716589528e+01
1.774071225425425666e+02 -3.834407695680372541e+01
1.774168691291291395e+02 -3.833412800394504671e+01
1.774266157157157409e+02 -3.832343557051274274e+01
1.774363623023023138e+02 -3.831196554842981072e+01
1.774461088888889151e+02 -3.829968382961909157e+01
1.774558554754754880e+02 -3.828655630600359672e+01
1.774656020620620893e+02 -3.827254886950619550e+01
1.774753486486486622e+02 -3.825762741204988515e+01
1.774850952352352351e+02 -3.824175782555755632e+01
1.774948418218218364e+02 -3.822490600195208543e+01
1.775045884084084094e+02 -3.820703783315650526e+01
1.775143349949950107e+02 -3.818811921109363539e+01
1.775240815815815836e+02 -3.816811776879782059e+01
1.775338281681681849e+02 -3.814705014726657595e+01
1.775435747547547578e+02 -3.812498756133424394e+01
1.775533213413413591e+02 -3.810200408416037732e+01
1.775630679279279320e+02 -3.807817378890484150e+01
1.775728145145145334e+02 -3.805357074872719636e+01
1.775825611011011063e+02 -3.802826903678729309e+01
1.775923076876877076e+02 -3.800234272624469156e+01
1.776020542742742805e+02 -3.797586589025926429e+01
1.776118008608608818e+02 -3.794891260199053562e+01
1.776215474474474547e+02 -3.792155693459839938e+01
1.776312940340340560e+02 -3.789387296124238702e+01
1.776410406206206289e+02 -3.786593475508237105e+01
1.776507872072072303e+02 -3.783781638927789004e+01
1.776605337937938032e+02 -3.780959193698883070e+01
1.776702803803804045e+02 -3.778133547137471737e+01
1.776800269669669774e+02 -3.775312106559543679e+01
1.776897735535535787e+02 -3.772502279281052751e+01
1.776995201401401516e+02 -3.769711472617985493e+01
1.777092667267267529e+02 -3.766947093886297893e+01
1.777190133133133259e+02 -3.764216550401975070e+01
1.777287598998999272e+02 -3.761527249480972301e+01
1.777385064864865001e+02 -3.758886598439277549e+01
1.777482530730731014e+02 -3.756302004592843957e+01
1.777579996596596743e+02 -3.753780875257660199e+01
1.777677462462462472e+02 -3.751329460323415788e+01
1.777774928328328485e+02 -3.748948315825024480e+01
1.777872394194194214e+02 -3.746636249842591582e+01
1.777969860060060228e+02 -3.744392069989897465e+01
1.778067325925925957e+02 -3.742214583880753764e+01
1.778164791791791970e+02 -3.740102599128942984e+01
1.778262257657657699e+02 -3.738054923348271785e+01
1.778359723523523712e+02 -3.736070364152526935e+01
1.778457189389389441e+02 -3.734147729155513673e+01
1.778554655255255454e+02 -3.732285825971018767e+01
1.778652121121121183e+02 -3.730483462212848877e+01
1.778749586986987197e+02 -3.728739445494787930e+01
1.778847052852852926e+02 -3.727052583430643296e+01
1.778944518718718939e+02 -3.725421683634203163e+01
1.779041984584584668e+02 -3.723845553719270640e+01
1.779139450450450681e+02 -3.722323001299633205e+01
1.779236916316316410e+02 -3.720852833989094677e+01
1.779334382182182424e+02 -3.719433859401445375e+01
1.779431848048048153e+02 -3.718064885150487697e+01
1.779529313913914166e+02 -3.716744718850010543e+01
1.779626779779779895e+02 -3.715472168113817020e+01
1.779724245645645908e+02 -3.714246040555696027e+01
1.779821711511511637e+02 -3.713065143789450673e+01
1.779919177377377650e+02 -3.711928285428869856e+01
1.780016643243243379e+02 -3.710834273087758106e+01
1.780114109109109108e+02 -3.709781914379906453e+01
1.780211574974975122e+02 -3.708770016919108770e+01
1.780309040840840851e+02 -3.707797388319165321e+01
1.780406506706706864e+02 -3.706862836193869271e+01
1.780503972572572593e+02 -3.705965168157020884e+01
1.780601438438438606e+02 -3.705103191822410480e+01
1.780698904304304335e+02 -3.704275714803840458e+01
1.780796370170170349e+02 -3.703481544715100426e+01
1.780893836036036078e+02 -3.702719489169992073e+01
1.780991301901902091e+02 -3.701988355782306428e+01
1.781088767767767820e+02 -3.701286952165846600e+01
1.781186233633633833e+02 -3.700614085934400066e+01
1.781283699499499562e+02 -3.699968564701769935e+01
1.781381165365365575e+02 -3.699349196081747237e+01
1.781478631231231304e+02 -3.698754787688132950e+01
1.781576097097097318e+02 -3.698184147134718813e+01
1.781673562962963047e+02 -3.697636082035303673e+01
1.781771028828829060e+02 -3.697109400003681401e+01
1.781868494694694789e+02 -3.696602908653650843e+01
1.781965960560560802e+02 -3.696115415599005871e+01
1.782063426426426531e+02 -3.695645728453543200e+01
1.782160892292292544e+02 -3.695192654831058832e+01
1.782258358158158273e+02 -3.694755002345349482e+01
1.782355824024024287e+02 -3.694331578610210443e+01
1.782453289889890016e+02 -3.693921191239439139e+01
1.782550755755756029e+02 -3.693522647846828733e+01
1.782648221621621758e+02 -3.693134756046179490e+01
1.782745687487487771e+02 -3.692756323451283862e+01
1.782843153353353500e+02 -3.692386157675939273e+01
1.782940619219219229e+02 -3.692023066333943149e+01
1.783038085085085243e+02 -3.691665857039089360e+01
1.783135550950950972e+02 -3.691313337405175332e+01
1.783233016816816985e+02 -3.690964315045995647e+01
1.783330482682682714e+02 -3.690617597575349151e+01
1.783427948548548727e+02 -3.690271992607028295e+01
1.783525414414414456e+02 -3.689926307754832635e+01
1.783622880280280469e+02 -3.689579350632556043e+01
1.783720346146146198e+02 -3.689229928853996654e+01
1.783817812012012212e+02 -3.688876850032947630e+01
1.783915277877877941e+02 -3.688518921783207816e+01
1.784012743743743954e+02 -3.688154951718571084e+01
1.784110209609609683e+02 -3.687783747452835570e+01
1.784207675475475696e+02 -3.687404116599795145e+01
1.784305141341341425e+02 -3.687014866773248656e+01
1.784402607207207438e+02 -3.686614805586989974e+01
1.784500073073073168e+02 -3.686202740654815813e+01
1.784597538938939181e+02 -3.685777479590521466e+01
1.784695004804804910e+02 -3.685337830007906490e+01
1.784792470670670923e+02 -3.684882599520761914e+01
1.784889936536536652e+02 -3.684410595742888006e+01
1.784987402402402665e+02 -3.683920626288077216e+01
1.785084868268268394e+02 -3.683411498770129100e+01
1.785182334134134408e+02 -3.682882020802838241e+01
1.785279800000000137e+02 -3.682330999999999932e+01
1.785290372211211150e+02 -3.682293292144548502e+01
1.785341097197197087e+02 -3.682111983649044618e+01
1.785391822183183308e+02 -3.681930035974991000e+01
1.785442547169169245e+02 -3.681747453012895477e+01
1.785493272155155182e+02 -3.681564238653265164e+01
1.785543997141141119e+02 -3.681380396786605047e+01
1.785594722127127056e+02 -3.681195931303422242e+01
1.785645447113112994e+02 -3.681010846094223865e+01
1.785696172099099215e+02 -3.680825145049516323e+01
1.785746897085085152e+02 -3.680638832059808152e+01
1.785797622071071089e+02 -3.680451911015603628e+01
1.785848347057057026e+02 -3.680264385807411998e+01
1.785899072043042963e+02 -3.680076260325736826e+01
1.785949797029028900e+02 -3.679887538461087360e+01
1.786000522015015122e+02 -3.679698224103970006e+01
1.786051247001001059e+02 -3.679508321144891170e+01
1.786101971986986996e+02 -3.679317833474357968e+01
1.786152696972972933e+02 -3.679126764982876807e+01
1.786203421958958870e+02 -3.678935119560955513e+01
1.786254146944945091e+02 -3.678742901099096940e+01
1.786304871930931029e+02 -3.678550113487813888e+01
1.786355596916916966e+02 -3.678356760617609922e+01
1.786406321902902903e+02 -3.678162846378990025e+01
1.786457046888888840e+02 -3.677968374662464157e+01
1.786507771874874777e+02 -3.677773349358538724e+01
1.786558496860860998e+02 -3.677577774357717288e+01
1.786609221846846935e+02 -3.677381653550509100e+01
1.786659946832832873e+02 -3.677184990827422695e+01
1.786710671818818810e+02 -3.676987790078962348e+01
1.786761396804804747e+02 -3.676790055195635176e+01
1.786812121790790684e+02 -3.676591790067948295e+01
1.786862846776776905e+02 -3.676392998586408112e+01
1.786913571762762842e+02 -3.676193684641520321e+01
1.786964296748748779e+02 -3.675993852123794881e+01
1.787015021734734717e+02 -3.675793504923736066e+01
1.787065746720720654e+02 -3.675592646931850993e+01
1.787116471706706591e+02 -3.675391282038647489e+01
1.787167196692692812e+02 -3.675189414134631249e+01
1.787217921678678749e+02 -3.674987047110308680e+01
1.787268646664664686e+02 -3.674784184856188318e+01
1.787319371650650623e+02 -3.674580831262774439e+01
1.787370096636636561e+02 -3.674376990220576289e+01
1.787420821622622498e+02 -3.674172665620099565e+01
1.787471546608608719e+02 -3.673967861351848541e+01
1.787522271594594656e+02 -3.673762581306333885e+01
1.787572996580580593e+02 -3.673556829374062715e+01
1.787623721566566530e+02 -3.673350609445538595e+01
1.787674446552552467e+02 -3.673143925411270061e+01
1.787725171538538689e+02 -3.672936781161762809e+01
1.787775896524524626e+02 -3.672729180587524667e+01
1.787826621510510563e+02 -3.672521127579061329e+01
1.787877346496496500e+02 -3.672312626026882043e+01
1.787928071482482437e+02 -3.672103679821490374e+01
1.787978796468468374e+02 -3.671894292853395569e+01
1.788029521454454596e+02 -3.671684469013100482e+01
1.788080246440440533e+02 -3.671474212191119335e+01
1.788130971426426470e+02 -3.671263526277950717e+01
1.788181696412412407e+02 -3.671052415164107430e+01
1.788232421398398344e+02 -3.670840882740093036e+01
1.788283146384384281e+02 -3.670628932896413943e+01
1.788333871370370503e+02 -3.670416569523577976e+01
1.788384596356356440e+02 -3.670203796512093675e+01
1.788435321342342377e+02 -3.669990617752465312e+01
1.788486046328328314e+02 -3.669777037135200004e+01
1.788536771314314251e+02 -3.669563058550806289e+01
1.788587496300300188e+02 -3.669348685889788442e+01
1.788638221286286409e+02 -3.669133923042654999e+01
1.788688946272272347e+02 -3.668918773899912367e+01
1.788739671258258284e+02 -3.668703242352067662e+01
1.788790396244244221e+02 -3.668487332289625158e+01
1.788841121230230158e+02 -3.668271047603094814e+01
1.788891846216216095e+02 -3.668054392182982326e+01
1.788942571202202316e+02 -3.667837369919793389e+01
1.788993296188188253e+02 -3.667619984704036540e+01
1.789044021174174190e+02 -3.667402240426216764e+01
1.789094746160160128e+02 -3.667184140976841888e+01
1.789145471146146065e+02 -3.666965690246419740e+01
1.789196196132132286e+02 -3.666746892125453883e+01
1.789246921118118223e+02 -3.666527750504454275e+01
1.789297646104104160e+02 -3.666308269273927323e+01
1.789348371090090097e+02 -3.666088452324377300e+01
1.789399096076076034e+02 -3.665868303546314166e+01
1.789449821062061972e+02 -3.665647826830243616e+01
1.789500546048048193e+02 -3.665427026066668503e+01
1.789551271034034130e+02 -3.665205905146102339e+01
1.789601996020020067e+02 -3.664984467959046555e+01
1.789652721006006004e+02 -3.664762718396011820e+01
1.789703445991991941e+02 -3.664540660347502410e+01
1.789754170977977878e+02 -3.664318297704026861e+01
1.789804895963964100e+02 -3.664095634356088027e+01
1.789855620949950037e+02 -3.663872674194197288e+01
1.789906345935935974e+02 -3.663649421108858917e+01
1.789957070921921911e+02 -3.663425878990581452e+01
1.790007795907907848e+02 -3.663202051729869169e+01
1.790058520893893785e+02 -3.662977943217232024e+01
1.790109245879880007e+02 -3.662753557343172872e+01
1.790159970865865944e+02 -3.662528897998200961e+01
1.790210695851851881e+02 -3.662303969072824117e+01
1.790261420837837818e+02 -3.662078774457548036e+01
1.790312145823823755e+02 -3.661853318042876992e+01
1.790362870809809692e+02 -3.661627603719321655e+01
1.790413595795795914e+02 -3.661401635377385588e+01
1.790464320781781851e+02 -3.661175416907578040e+01
1.790515045767767788e+02 -3.660948952200404705e+01
1.790565770753753725e+02 -3.660722245146371989e+01
1.790616495739739662e+02 -3.660495299635988431e+01
1.790667220725725883e+02 -3.660268119559756883e+01
1.790717945711711820e+02 -3.660040708808188015e+01
1.790768670697697758e+02 -3.659813071271788232e+01
1.790819395683683695e+02 -3.659585210841062519e+01
1.790870120669669632e+02 -3.659357131406518704e+01
1.790920845655655569e+02 -3.659128836858664613e+01
1.790971570641641790e+02 -3.658900331088002389e+01
1.791022295627627727e+02 -3.658671617985043412e+01
1.791073020613613664e+02 -3.658442701440294087e+01
1.791123745599599602e+02 -3.658213585344260821e+01
1.791174470585585539e+02 -3.657984273587449309e+01
1.791225195571571476e+02 -3.657754770060366667e+01
1.791275920557557697e+02 -3.657525078653517880e+01
1.791326645543543634e+02 -3.657295203257412908e+01
1.791377370529529571e+02 -3.657065147762558865e+01
1.791428095515515508e+02 -3.656834916059460028e+01
1.791478820501501446e+02 -3.656604512038624932e+01
1.791529545487487383e+02 -3.656373939590557143e+01
1.791580270473473604e+02 -3.656143202605767328e+01
1.791630995459459541e+02 -3.655912304974759763e+01
1.791681720445445478e+02 -3.655681250588043696e+01
1.791732445431431415e+02 -3.655450043336123400e+01
1.791783170417417352e+02 -3.655218687109506703e+01
1.791833895403403289e+02 -3.654987185798700011e+01
1.791884620389389511e+02 -3.654755543294209730e+01
1.791935345375375448e+02 -3.654523763486543686e+01
1.791986070361361385e+02 -3.654291850266208996e+01
1.792036795347347322e+02 -3.654059807523711356e+01
1.792087520333333259e+02 -3.653827639149557882e+01
1.792138245319319481e+02 -3.653595349034253559e+01
1.792188970305305418e+02 -3.653362941068309766e+01
1.792239695291291355e+02 -3.653130419142229357e+01
1.792290420277277292e+02 -3.652897787146518738e+01
1.792341145263263229e+02 -3.652665048971687867e+01
1.792391870249249166e+02 -3.652432208508241018e+01
1.792442595235235387e+02 -3.652199269646685309e+01
1.792493320221221325e+02 -3.651966236277527855e+01
1.792544045207207262e+02 -3.651733112291276484e+01
1.792594770193193199e+02 -3.651499901578435470e+01
1.792645495179179136e+02 -3.651266608029514060e+01
1.792696220165165073e+02 -3.651033235535017241e+01
1.792746945151151294e+02 -3.650799787985452127e+01
1.792797670137137231e+02 -3.650566269271327258e+01
1.792848395123123169e+02 -3.650332683283148327e+01
1.792899120109109106e+02 -3.650099033911421031e+01
1.792949845095095043e+02 -3.649865325046652487e+01
1.793000570081080980e+02 -3.649631560579349099e+01
1.793051295067067201e+02 -3.649397744400019405e+01
1.793102020053053138e+02 -3.649163880399169813e+01
1.793152745039039075e+02 -3.648929972467306015e+01
1.793203470025025013e+02 -3.648696024494935131e+01
1.793254195011010950e+02 -3.648462040372564985e+01
1.793304919996996887e+02 -3.648228023990699853e+01
1.793355644982983108e+02 -3.647993979239847562e+01
1.793406369968969045e+02 -3.647759910010515938e+01
1.793457094954954982e+02 -3.647525820193212809e+01
1.793507819940940919e+02 -3.647291713678442449e+01
1.793558544926926857e+02 -3.647057594356711974e+01
1.793609269912913078e+02 -3.646823466118527790e+01
1.793659994898899015e+02 -3.646589332854398435e+01
1.793710719884884952e+02 -3.646355198454830315e+01
1.793761444870870889e+02 -3.646121066810329836e+01
1.793812169856856826e+02 -3.645886941811404114e+01
1.793862894842842763e+02 -3.645652827348558134e+01
1.793913619828828985e+02 -3.645418727312298302e+01
1.793964344814814922e+02 -3.645184645593135286e+01
1.794015069800800859e+02 -3.644950586081574073e+01
1.794065794786786796e+02 -3.644716552668120357e+01
1.794116519772772733e+02 -3.644482549243281255e+01
1.794167244758758670e+02 -3.644248579697563883e+01
1.794217969744744892e+02 -3.644014647921473227e+01
1.794268694730730829e+02 -3.643780757805519954e+01
1.794319419716716766e+02 -3.643546913240209051e+01
1.794370144702702703e+02 -3.643313118116046212e+01
1.794420869688688640e+02 -3.643079376323537844e+01
1.794471594674674577e+02 -3.642845691753192483e+01
1.794522319660660798e+02 -3.642612068295515115e+01
1.794573044646646736e+02 -3.642378509841013567e+01
1.794623769632632673e+02 -3.642145020280195666e+01
1.794674494618618610e+02 -3.641911603503566397e+01
1.794725219604604547e+02 -3.641678263401634297e+01
1.794775944590590484e+02 -3.641445003864904351e+01
1.794826669576576705e+02 -3.641211828783882964e+01
1.794877394562562642e+02 -3.640978742049079386e+01
1.794928119548548580e+02 -3.640745747550998601e+01
1.794978844534534517e+02 -3.640512849180147725e+01
1.795029569520520454e+02 -3.640280050827033165e+01
1.795080294506506391e+02 -3.640047356382162747e+01
1.795131019492492612e+02 -3.639814769736041455e+01
1.795181744478478549e+02 -3.639582294779177118e+01
1.795232469464464486e+02 -3.639349935402078273e+01
1.795283194450450424e+02 -3.639117695495248483e+01
1.795333919436436361e+02 -3.638885578949197708e+01
1.795384644422422582e+02 -3.638653589654428089e+01
1.795435369408408519e+02 -3.638421731501451717e+01
1.795486094394394456e+02 -3.638190008380772866e+01
1.795536819380380393e+02 -3.637958424182897232e+01
1.795587544366366330e+02 -3.637726982798333353e+01
1.795638269352352268e+02 -3.637495688117587633e+01
1.795688994338338489e+02 -3.637264544031165059e+01
1.795739719324324426e+02 -3.637033554429575588e+01
1.795790444310310363e+02 -3.636802723203324206e+01
1.795841169296296300e+02 -3.636572054242917318e+01
1.795891894282282237e+02 -3.636341551438862751e+01
1.795942619268268174e+02 -3.636111218681666912e+01
1.795993344254254396e+02 -3.635881059861834075e+01
1.796044069240240333e+02 -3.635651078869875619e+01
1.796094794226226270e+02 -3.635421279596295818e+01
1.796145519212212207e+02 -3.635191665931601790e+01
1.796196244198198144e+02 -3.634962241766299229e+01
1.796246969184184081e+02 -3.634733010990897384e+01
1.796297694170170303e+02 -3.634503977495898397e+01
1.796348419156156240e+02 -3.634275145171813648e+01
1.796399144142142177e+02 -3.634046517909149543e+01
1.796449869128128114e+02 -3.633818099598410356e+01
1.796500594114114051e+02 -3.633589894130105336e+01
1.796551319100099988e+02 -3.633361905394738756e+01
1.796602044086086210e+02 -3.633134137282818443e+01
1.796652769072072147e+02 -3.632906593684852226e+01
1.796703494058058084e+02 -3.632679278491345087e+01
1.796754219044044021e+02 -3.632452195592806987e+01
1.796804944030029958e+02 -3.632225348879741489e+01
1.796855669016016179e+02 -3.631998742242654998e+01
1.796906394002002116e+02 -3.631772379572056764e+01
1.796957118987988054e+02 -3.631546264758453191e+01
1.797007843973973991e+02 -3.631320401692349265e+01
1.797058568959959928e+02 -3.631094794264254233e+01
1.797109293945945865e+02 -3.630869446364670949e+01
1.797160018931932086e+02 -3.630644361884109372e+01
1.797210743917918023e+02 -3.630419544713075197e+01
1.797261468903903960e+02 -3.630194998742077672e+01
1.797312193889889897e+02 -3.629970727861620361e+01
1.797362918875875835e+02 -3.629746735962210380e+01
1.797413643861861772e+02 -3.629523026934356977e+01
1.797464368847847993e+02 -3.629299604668562296e+01
1.797515093833833930e+02 -3.629076473055337715e+01
1.797565818819819867e+02 -3.628853635985188220e+01
1.797616543805805804e+02 -3.628631097348620926e+01
1.797667268791791741e+02 -3.628408861036142952e+01
1.797717993777777679e+02 -3.628186930938258570e+01
1.797768718763763900e+02 -3.627965310945475608e+01
1.797819443749749837e+02 -3.627744004948305445e+01
1.797870168735735774e+02 -3.627523016837248093e+01
1.797920893721721711e+02 -3.627302350502814221e+01
1.797971618707707648e+02 -3.627082009835510235e+01
1.798022343693693585e+02 -3.626861998725840408e+01
1.798073068679679807e+02 -3.626642321064313990e+01
1.798123793665665744e+02 -3.626422980741438096e+01
1.798174518651651681e+02 -3.626203981647718422e+01
1.798225243637637618e+02 -3.625985327673661374e+01
1.798275968623623555e+02 -3.625767022709774068e+01
1.798326693609609777e+02 -3.625549070646562910e+01
1.798377418595595714e+02 -3.625331475374536438e+01
1.798428143581581651e+02 -3.625114240784198927e+01
1.798478868567567588e+02 -3.624897370766060334e+01
1.798529593553553525e+02 -3.624680869210624223e+01
1.798580318539539462e+02 -3.624464740008399843e+01
1.798631043525525683e+02 -3.624248987049889337e+01
1.798681768511511621e+02 -3.624033614225606215e+01
1.798732493497497558e+02 -3.623818625426052620e+01
1.798783218483483495e+02 -3.623604024541737090e+01
1.798833943469469432e+02 -3.623389815463165320e+01
1.798884668455455369e+02 -3.623176002080845848e+01
1.798935393441441590e+02 -3.622962588285281527e+01
1.798986118427427527e+02 -3.622749577966984447e+01
1.799036843413413465e+02 -3.622536975016457461e+01
1.799087568399399402e+02 -3.622324783324210529e+01
1.799138293385385339e+02 -3.622113006780747213e+01
1.799189018371371276e+02 -3.621901649276575341e+01
1.799239743357357497e+02 -3.621690714702202030e+01
1.799290468343343434e+02 -3.621480206948134395e+01
1.799341193329329371e+02 -3.621270129904878132e+01
1.799391918315315309e+02 -3.621060487462941069e+01
1.799442643301301246e+02 -3.620851283512830321e+01
1.799493368287287183e+02 -3.620642521945052295e+01
1.799544093273273404e+02 -3.620434206650109843e+01
1.799594818259259341e+02 -3.620226341518517188e+01
1.799645543245245278e+02 -3.620018930440775762e+01
1.799696268231231215e+02 -3.619811977307395523e+01
1.799746993217217153e+02 -3.619605486008877904e+01
1.799797718203203090e+02 -3.619399460435735705e+01
1.799848443189189311e+02 -3.619193904478472490e+01
1.799899168175175248e+02 -3.618988822027595376e+01
1.799949893161161185e+02 -3.618784216973612899e+01
1.800000618147147122e+02 -3.618580093207028625e+01
1.800051343133133059e+02 -3.618376454618353222e+01
1.800102068119119281e+02 -3.618173305098088832e+01
1.800152793105105218e+02 -3.617970648536746836e+01
1.800203518091091155e+02 -3.617768488824831508e+01
1.800254243077077092e+02 -3.617566829852849963e+01
1.800304968063063029e+02 -3.617365675511309320e+01
1.800355693049048966e+02 -3.617165029690715983e+01
1.800406418035035188e+02 -3.616964896281574937e+01
1.800457143021021125e+02 -3.616765279174397563e+01
1.800507868007007062e+02 -3.616566182259686713e+01
1.800558592992992999e+02 -3.616367609427950214e+01
1.800609317978978936e+02 -3.616169564569695183e+01
1.800660042964964873e+02 -3.615972051575428736e+01
1.800710767950951094e+02 -3.615775074335655859e+01
1.800761492936937032e+02 -3.615578636740885088e+01
1.800812217922922969e+02 -3.615382742681623540e+01
1.800862942908908906e+02 -3.615187396048376911e+01
1.800913667894894843e+02 -3.614992600731650896e+01
1.800964392880880780e+02 -3.614798360621954032e+01
1.801015117866867001e+02 -3.614604679609792015e+01
1.801065842852852938e+02 -3.614411561585673383e+01
1.801116567838838876e+02 -3.614219010440103830e+01
1.801167292824824813e+02 -3.614027030063589052e+01
1.801218017810810750e+02 -3.613835624346636877e+01
1.801268742796796687e+02 -3.613644797179755130e+01
1.801319467782782908e+02 -3.613454552453447377e+01
1.801370192768768845e+02 -3.613264894058222865e+01
1.801420917754754782e+02 -3.613075825884588710e+01
1.801471642740740720e+02 -3.612887351823051318e+01
1.801522367726726657e+02 -3.612699475764115675e+01
1.801573092712712878e+02 -3.612512201598289607e+01
1.801623817698698815e+02 -3.612325533216081652e+01
1.801674542684684752e+02 -3.612139474507996795e+01
1.801725267670670689e+02 -3.611954029364542151e+01
1.801775992656656626e+02 -3.611769201676224128e+01
1.801826717642642564e+02 -3.611584995333550552e+01
1.801877442628628785e+02 -3.611401414227024986e+01
1.801928167614614722e+02 -3.611218462247159522e+01
1.801978892600600659e+02 -3.611036143284457012e+01
1.802029617586586596e+02 -3.610854461229425283e+01
1.802080342572572533e+02 -3.610673419972570741e+01
1.802131067558558470e+02 -3.610493023404400503e+01
1.802181792544544692e+02 -3.610313275415421685e+01
1.802232517530530629e+02 -3.610134179896140694e+01
1.802283242516516566e+02 -3.609955740737063934e+01
1.802333967502502503e+02 -3.609777961828699944e+01
1.802384692488488440e+02 -3.609600847061553708e+01
1.802435417474474377e+02 -3.609424400326131632e+01
1.802486142460460599e+02 -3.609248625512940833e+01
1.802536867446446536e+02 -3.609073526512488428e+01
1.802587592432432473e+02 -3.608899107215282243e+01
1.802638317418418410e+02 -3.608725371511827973e+01
1.802689042404404347e+02 -3.608552323292632735e+01
1.802739767390390284e+02 -3.608379966448202225e+01
1.802790492376376505e+02 -3.608208304869043559e+01
1.802841217362362443e+02 -3.608037342445665274e+01
1.802891942348348380e+02 -3.607867083068572356e+01
1.802942667334334317e+02 -3.607697530628273341e+01
1.802993392320320254e+02 -3.607528689015271794e+01
1.803044117306306475e+02 -3.607360562120076253e+01
1.803094842292292412e+02 -3.607193153833194543e+01
1.803145567278278349e+02 -3.607026468045132361e+01
1.803196292264264287e+02 -3.606860508646396823e+01
1.803247017250250224e+02 -3.606695279527494336e+01
1.803297742236236161e+02 -3.606530784578932014e+01
1.803348467222222382e+02 -3.606367027691214844e+01
1.803399192208208319e+02 -3.606204012754853494e+01
1.803449917194194256e+02 -3.606041743660352239e+01
1.803500642180180193e+02 -3.605880224298217485e+01
1.803551367166166131e+02 -3.605719458558956347e+01
1.803602092152152068e+02 -3.605559450333076654e+01
1.803652817138138289e+02 -3.605400203511082680e+01
1.803703542124124226e+02 -3.605241721983484382e+01
1.803754267110110163e+02 -3.605084009640786746e+01
1.803804992096096100e+02 -3.604927070373496178e+01
1.803855717082082037e+02 -3.604770908072120505e+01
1.803906442068067975e+02 -3.604615526627166844e+01
1.803957167054054196e+02 -3.604460929929138757e+01
1.804007892040040133e+02 -3.604307121868548336e+01
1.804058617026026070e+02 -3.604154106335897723e+01
1.804109342012012007e+02 -3.604001887221695455e+01
1.804160066997997944e+02 -3.603850468416448649e+01
1.804210791983983881e+02 -3.603699853810664422e+01
1.804261516969970103e+02 -3.603550047294847047e+01
1.804312241955956040e+02 -3.603401052759505774e+01
1.804362966941941977e+02 -3.603252874095146296e+01
1.804413691927927914e+02 -3.603105515192277153e+01
1.804464416913913851e+02 -3.602958979941402617e+01
1.804515141899900073e+02 -3.602813272233030517e+01
1.804565866885886010e+02 -3.602668395957667258e+01
1.804616591871871947e+02 -3.602524355005820667e+01
1.804667316857857884e+02 -3.602381153267997860e+01
1.804718041843843821e+02 -3.602238794634702401e+01
1.804768766829829758e+02 -3.602097282996444250e+01
1.804819491815815979e+02 -3.601956622243729100e+01
1.804870216801801917e+02 -3.601816816267064070e+01
1.804920941787787854e+02 -3.601677868956955564e+01
1.804971666773773791e+02 -3.601539784203910699e+01
1.805022391759759728e+02 -3.601402565898435171e+01
1.805073116745745665e+02 -3.601266217931036806e+01
1.805123841731731886e+02 -3.601130744192222721e+01
1.805174566717717823e+02 -3.600996148572498612e+01
1.805225291703703761e+02 -3.600862434962371594e+01
1.805276016689689698e+02 -3.600729607252348785e+01
1.805326741675675635e+02 -3.600597669332935880e+01
1.805377466661661572e+02 -3.600466625094641415e+01
1.805428191647647793e+02 -3.600336478427971088e+01
1.805478916633633730e+02 -3.600207233223432013e+01
1.805529641619619667e+02 -3.600078893371529887e+01
1.805580366605605604e+02 -3.599951462762772536e+01
1.805631091591591542e+02 -3.599824945287667788e+01
1.805681816577577479e+02 -3.599699344836720627e+01
1.805732541563563700e+02 -3.599574665300437459e+01
1.805783266549549637e+02 -3.599450910569326822e+01
1.805833991535535574e+02 -3.599328084533894412e+01
1.805884716521521511e+02 -3.599206191084647344e+01
1.805935441507507448e+02 -3.599085234112092024e+01
1.805986166493493670e+02 -3.598965217506734859e+01
1.806036891479479607e+02 -3.598846145159083676e+01
1.806087616465465544e+02 -3.598728020959644880e+01
1.806138341451451481e+02 -3.598610848798926298e+01
1.806189066437437418e+02 -3.598494632567432205e+01
1.806239791423423355e+02 -3.598379376155671139e+01
1.806290516409409577e+02 -3.598265083454148794e+01
1.806341241395395514e+02 -3.598151758353372287e+01
1.806391966381381451e+02 -3.598039404743849445e+01
1.806442691367367388e+02 -3.597928026516086675e+01
1.806493416353353325e+02 -3.597817627560590381e+01
1.806544141339339262e+02 -3.597708211767866260e+01
1.806594866325325484e+02 -3.597599783028421427e+01
1.806645591311311421e+02 -3.597492345232765132e+01
1.806696316297297358e+02 -3.597385902271402358e+01
1.806747041283283295e+02 -3.597280458034838801e+01
1.806797766269269232e+02 -3.597176016413583710e+01
1.806848491255255169e+02 -3.597072581298141358e+01
1.806899216241241390e+02 -3.596970156579018862e+01
1.806949941227227328e+02 -3.596868746146724050e+01
1.807000666213213265e+02 -3.596768353891764036e+01
1.807051391199199202e+02 -3.596668983704644518e+01
1.807102116185185139e+02 -3.596570639475873321e+01
1.807152841171171076e+02 -3.596473325095956142e+01
1.807203566157157297e+02 -3.596377044455399385e+01
1.807254291143143234e+02 -3.596281801444710879e+01
1.807305016129129172e+02 -3.596187599954397740e+01
1.807355741115115109e+02 -3.596094443874966373e+01
1.807406466101101046e+02 -3.596002337096922474e+01
1.807457191087087267e+02 -3.595911283510773160e+01
1.807507916073073204e+02 -3.595821287007026967e+01
1.807558641059059141e+02 -3.595732351476188171e+01
1.807609366045045078e+02 -3.595644480808765309e+01
1.807660091031031016e+02 -3.595557678895264786e+01
1.807710816017016953e+02 -3.595471949626193009e+01
1.807761541003003174e+02 -3.595387296892056384e+01
1.807812265988989111e+02 -3.595303724583362737e+01
1.807862990974975048e+02 -3.595221236590618474e+01
1.807913715960960985e+02 -3.595139836804329292e+01
1.807964440946946922e+02 -3.595059529115003727e+01
1.808015165932932860e+02 -3.594980317413147475e+01
1.808065890918919081e+02 -3.594902205589266941e+01
1.808116615904905018e+02 -3.594825197533869243e+01
1.808167340890890955e+02 -3.594749297137461497e+01
1.808218065876876892e+02 -3.594674508290551529e+01
1.808268790862862829e+02 -3.594600834883643614e+01
1.808319515848848766e+02 -3.594528280807246290e+01
1.808370240834834988e+02 -3.594456849951865252e+01
1.808420965820820925e+02 -3.594386546208008326e+01
1.808471690806806862e+02 -3.594317373466182630e+01
1.808522415792792799e+02 -3.594249335616893859e+01
1.808573140778778736e+02 -3.594182436550647708e+01
1.808623865764764673e+02 -3.594116680157953425e+01
1.808674590750750895e+02 -3.594052070329315285e+01
1.808725315736736832e+02 -3.593988610955243246e+01
1.808776040722722769e+02 -3.593926305926241582e+01
1.808826765708708706e+02 -3.593865159132817411e+01
1.808877490694694643e+02 -3.593805174465477137e+01
1.808928215680680864e+02 -3.593746355814729299e+01
1.808978940666666801e+02 -3.593688707071078881e+01
1.809029665652652739e+02 -3.593632232125033710e+01
1.809080390638638676e+02 -3.593576934867100192e+01
1.809131115624624613e+02 -3.593522819187785444e+01
1.809181840610610550e+02 -3.593469888977595161e+01
1.809232565596596771e+02 -3.593418148127036460e+01
1.809283290582582708e+02 -3.593367600526617167e+01
1.809334015568568645e+02 -3.593318250066843689e+01
1.809384740554554583e+02 -3.593270100638221720e+01
1.809435465540540520e+02 -3.593223156131259088e+01
1.809486190526526457e+02 -3.593177420436462910e+01
1.809536915512512678e+02 -3.593132897444338170e+01
1.809587640498498615e+02 -3.593089591045393405e+01
1.809638365484484552e+02 -3.593047505130134311e+01
1.809689090470470489e+02 -3.593006643589068005e+01
1.809739815456456427e+02 -3.592967010312701603e+01
1.809790540442442364e+02 -3.592928609191541511e+01
1.809841265428428585e+02 -3.592891444116094846e+01
1.809891990414414522e+02 -3.592855518976868012e+01
1.809942715400400459e+02 -3.592820837664368128e+01
1.809993440386386396e+02 -3.592787404069100177e+01
1.810044165372372333e+02 -3.592755222081574118e+01
1.810094890358358271e+02 -3.592724295592294936e+01
1.810145615344344492e+02 -3.592694628491769748e+01
1.810196340330330429e+02 -3.592666224670503539e+01
1.810247065316316366e+02 -3.592639088019006266e+01
1.810297790302302303e+02 -3.592613222427782205e+01
1.810348515288288240e+02 -3.592588631787339892e+01
1.810399240274274462e+02 -3.592565319988184314e+01
1.810449965260260399e+02 -3.592543290920823296e+01
1.810500690246246336e+02 -3.592522548475763955e+01
1.810551415232232273e+02 -3.592503096543512697e+01
1.810602140218218210e+02 -3.592484939014575218e+01
1.810652865204204147e+02 -3.592468079779459345e+01
1.810703590190190369e+02 -3.592452522728671482e+01
1.810754315176176306e+02 -3.592438271752719459e+01
1.810805040162162243e+02 -3.592425330742108258e+01
1.810855765148148180e+02 -3.592413703587347129e+01
1.810906490134134117e+02 -3.592403394178940346e+01
1.810957215120120054e+02 -3.592394406407395024e+01
1.811007940106106275e+02 -3.592386744163218992e+01
1.811058665092092212e+02 -3.592380411336919366e+01
1.811109390078078150e+02 -3.592375411819001840e+01
1.811160115064064087e+02 -3.592371749499972822e+01
1.811210840050050024e+02 -3.592369428270340137e+01
1.811261565036035961e+02 -3.592368452020609482e+01
1.811312290022022182e+02 -3.592368824641289393e+01
1.811363015008008119e+02 -3.592370550022884146e+01
1.811413739993994056e+02 -3.592373632055902988e+01
1.811464464979979994e+02 -3.592378074630852325e+01
1.811515189965965931e+02 -3.592383881638237142e+01
1.811565914951951868e+02 -3.592391056968564556e+01
1.811616639937938089e+02 -3.592399604512343103e+01
1.811667364923924026e+02 -3.592409528160078480e+01
1.811718089909909963e+02 -3.592420831802277092e+01
1.811768814895895900e+02 -3.592433519329446057e+01
1.811819539881881838e+02 -3.592447594632092489e+01
1.811870264867867775e+02 -3.592463061600723506e+01
1.811920989853853996e+02 -3.592479924125843382e+01
1.811971714839839933e+02 -3.592498186097961366e+01
1.812022439825825870e+02 -3.592517851407583862e+01
1.812073164811811807e+02 -3.592538923945217277e+01
1.812123889797797744e+02 -3.592561407601369439e+01
1.812174614783783966e+02 -3.592585306266545331e+01
1.812225339769769903e+02 -3.592610623831252070e+01
1.812276064755755840e+02 -3.592637364185996773e+01
1.812326789741741777e+02 -3.592665531221287267e+01
1.812377514727727714e+02 -3.592695128827628537e+01
1.812428239713713651e+02 -3.592726160895527698e+01
1.812478964699699873e+02 -3.592758631317601470e+01
1.812529689685685810e+02 -3.592792592148047959e+01
1.812580414671671747e+02 -3.592828268121925817e+01
1.812631139657657684e+02 -3.592865922660875100e+01
1.812681864643643621e+02 -3.592905819186534444e+01
1.812732589629629558e+02 -3.592948221120545327e+01
1.812783314615615780e+02 -3.592993391884548515e+01
1.812834039601601717e+02 -3.593041594900181934e+01
1.812884764587587654e+02 -3.593093093589084930e+01
1.812935489573573591e+02 -3.593148151372901822e+01
1.812986214559559528e+02 -3.593207031673269114e+01
1.813036939545545465e+02 -3.593269997911826152e+01
1.813087664531531686e+02 -3.593337313510216546e+01
1.813138389517517624e+02 -3.593409241890078221e+01
1.813189114503503561e+02 -3.593486046473051232e+01
1.813239839489489498e+02 -3.593567990680774216e+01
1.813290564475475435e+02 -3.593655337934890071e+01
1.813341289461461372e+02 -3.593748351657037432e+01
1.813392014447447593e+02 -3.593847295268857067e+01
1.813442739433433530e+02 -3.593952432191987612e+01
1.813493464419419468e+02 -3.594064025848069122e+01
1.813544189405405405e+02 -3.594182339658743786e+01
1.813594914391391342e+02 -3.594307637045648818e+01
1.813645639377377563e+02 -3.594440181430427117e+01
1.813696364363363500e+02 -3.594580236234717319e+01
1.813747089349349437e+02 -3.594728064880158058e+01
1.813797814335335374e+02 -3.594883930788390813e+01
1.813848539321321311e+02 -3.595048097381057062e+01
1.813899264307307249e+02 -3.595220828079793307e+01
1.813949989293293470e+02 -3.595402386306243869e+01
1.814000714279279407e+02 -3.595593035482045252e+01
1.814051439265265344e+02 -3.595793039028838223e+01
1.814102164251251281e+02 -3.596002660368263548e+01
1.814152889237237218e+02 -3.596222162921961285e+01
1.814203614223223155e+02 -3.596451810111571490e+01
1.814254339209209377e+02 -3.596691865358734930e+01
1.814305064195195314e+02 -3.596942592085089530e+01
1.814355789181181251e+02 -3.597204253712276056e+01
1.814406514167167188e+02 -3.597477113661935277e+01
1.814457239153153125e+02 -3.597761435355707960e+01
1.814507964139139062e+02 -3.598057482215232028e+01
1.814558689125125284e+02 -3.598365497185958617e+01
1.814609414111111221e+02 -3.598685435599108473e+01
1.814660139097097158e+02 -3.599017040603638407e+01
1.814710864083083095e+02 -3.599360050397618949e+01
1.814761589069069032e+02 -3.599714203179122762e+01
1.814812314055054969e+02 -3.600079237146221800e+01
1.814863039041041191e+02 -3.600454890496990146e+01
1.814913764027027128e+02 -3.600840901429494778e+01
1.814964489013013065e+02 -3.601237008141812623e+01
1.815015213998999002e+02 -3.601642948832011371e+01
1.815065938984984939e+02 -3.602058461698165104e+01
1.815116663970970876e+02 -3.602483284938345776e+01
1.815167388956957097e+02 -3.602917156750626049e+01
1.815218113942943035e+02 -3.603359815333076455e+01
1.815268838928928972e+02 -3.603810998883767525e+01
1.815319563914914909e+02 -3.604270445600772632e+01
1.815370288900900846e+02 -3.604737893682165861e+01
1.815421013886887067e+02 -3.605213081326017743e+01
1.815471738872873004e+02 -3.605695746730398099e+01
1.815522463858858941e+02 -3.606185628093380302e+01
1.815573188844844879e+02 -3.606682463613035594e+01
1.815623913830830816e+02 -3.607185991487438059e+01
1.815674638816816753e+02 -3.607695949914656808e+01
1.815725363802802974e+02 -3.608212077092768766e+01
1.815776088788788911e+02 -3.608734111219838780e+01
1.815826813774774848e+02 -3.609261790493940936e+01
1.815877538760760785e+02 -3.609794853113149316e+01
1.815928263746746723e+02 -3.610333037275536583e+01
1.815978988732732660e+02 -3.610876081179171138e+01
1.816029713718718881e+02 -3.611423723022129195e+01
1.816080438704704818e+02 -3.611975701002478445e+01
1.816131163690690755e+02 -3.612531753318293681e+01
1.816181888676676692e+02 -3.613091618167644015e+01
1.816232613662662629e+02 -3.613655033748602108e+01
1.816283338648648567e+02 -3.614221738259242045e+01
1.816334063634634788e+02 -3.614791469897637199e+01
1.816384788620620725e+02 -3.615363966861853129e+01
1.816435513606606662e+02 -3.615938967349966049e+01
1.816486238592592599e+02 -3.616516209560046491e+01
1.816536963578578536e+02 -3.617095431690167118e+01
1.816587688564564473e+02 -3.617676371938399882e+01
1.816638413550550695e+02 -3.618258768502820288e+01
1.816689138536536632e+02 -3.618842359581491763e+01
1.816739863522522569e+02 -3.619426883372491943e+01
1.816790588508508506e+02 -3.620012078073891360e+01
1.816841313494494443e+02 -3.620597681883763386e+01
1.816892038480480664e+02 -3.621183433000181395e+01
1.816942763466466602e+02 -3.621769069621210946e+01
1.816993488452452539e+02 -3.622354329944928253e+01
1.817044213438438476e+02 -3.622938952169405269e+01
1.817094938424424413e+02 -3.623522674492713236e+01
1.817145663410410350e+02 -3.624105235112923395e+01
1.817196388396396571e+02 -3.624686372228112674e+01
1.817247113382382508e+02 -3.625265824036345208e+01
1.817297838368368446e+02 -3.625843328735695792e+01
1.817348563354354383e+02 -3.626418623298983590e+01
1.817399288340340320e+02 -3.626991421795927550e+01
1.817450013326326257e+02 -3.627561417990280290e+01
1.817500738312312478e+02 -3.628128304942331539e+01
1.817551463298298415e+02 -3.628691775712355394e+01
1.817602188284284352e+02 -3.629251523360640874e+01
1.817652913270270290e+02 -3.629807240947469893e+01
1.817703638256256227e+02 -3.630358621533130759e+01
1.817754363242242164e+02 -3.630905358177903963e+01
1.817805088228228385e+02 -3.631447143942077105e+01
1.817855813214214322e+02 -3.631983671885926412e+01
1.817906538200200259e+02 -3.632514635069743036e+01
1.817957263186186196e+02 -3.633039726553807469e+01
1.818007988172172134e+02 -3.633558639398405887e+01
1.818058713158158071e+02 -3.634071066663820204e+01
1.818109438144144292e+02 -3.634576701410336597e+01
1.818160163130130229e+02 -3.635075236698236978e+01
1.818210888116116166e+02 -3.635566365587805393e+01
1.818261613102102103e+02 -3.636049781139325887e+01
1.818312338088088040e+02 -3.636525176413083926e+01
1.818363063074074262e+02 -3.636992244469364266e+01
1.818413788060060199e+02 -3.637450678368445978e+01
1.818464513046046136e+02 -3.637900171170616659e+01
1.818515238032032073e+02 -3.638340415936159644e+01
1.818565963018018010e+02 -3.638771105725359689e+01
1.818616688004003947e+02 -3.639191933598498707e+01
1.818667412989990169e+02 -3.639602592615864296e+01
1.818718137975976106e+02 -3.640002775837735527e+01
1.818768862961962043e+02 -3.640392176324399287e+01
1.818819587947947980e+02 -3.640770487136139621e+01
1.818870312933933917e+02 -3.641137401333238444e+01
1.818921037919919854e+02 -3.641492611975982641e+01
1.818971762905906076e+02 -3.641835812124656258e+01
1.819022487891892013e+02 -3.642166694839539787e+01
1.819073212877877950e+02 -3.642484953180917984e+01
1.819123937863863887e+02 -3.642790280209077025e+01
1.819174662849849824e+02 -3.643082368984300246e+01
1.819225387835835761e+02 -3.643360912566870269e+01
1.819276112821821982e+02 -3.643625604017073272e+01
1.819326837807807919e+02 -3.643876136395189747e+01
1.819377562793793857e+02 -3.644112202761506580e+01
1.819428287779779794e+02 -3.644333496176306397e+01
1.819479012765765731e+02 -3.644539709699873953e+01
1.819529737751751668e+02 -3.644730536392491871e+01
1.819580462737737889e+02 -3.644905669314447749e+01
1.819631187723723826e+02 -3.645064801526020659e+01
1.819681912709709763e+02 -3.645207649260070326e+01
1.819732637695695701e+02 -3.645334695428820027e+01
1.819783362681681638e+02 -3.645447347561370322e+01
1.819834087667667859e+02 -3.645547068294715132e+01
1.819884812653653796e+02 -3.645635320265849089e+01
1.819935537639639733e+02 -3.645713566111765402e+01
1.819986262625625670e+02 -3.645783268469457994e+01
1.820036987611611607e+02 -3.645845889975920784e+01
1.820087712597597545e+02 -3.645902893268148404e+01
1.820138437583583766e+02 -3.645955740983134064e+01
1.820189162569569703e+02 -3.646005895757873816e+01
1.820239887555555640e+02 -3.646054820229357318e+01
1.820290612541541577e+02 -3.646103977034581334e+01
1.820341337527527514e+02 -3.646154828810539072e+01
1.820392062513513451e+02 -3.646208838194225166e+01
1.820442787499499673e+02 -3.646267467822634245e+01
1.820493512485485610e+02 -3.646332180332759521e+01
1.820544237471471547e+02 -3.646404438361593492e+01
1.820594962457457484e+02 -3.646485704546130080e+01
1.820645687443443421e+02 -3.646577441523366758e+01
1.820696412429429358e+02 -3.646681111930294605e+01
1.820747137415415580e+02 -3.646798178403907542e+01
1.820797862401401517e+02 -3.646930103581200200e+01
1.820848587387387454e+02 -3.647078350099166499e+01
1.820899312373373391e+02 -3.647244380594800361e+01
1.820950037359359328e+02 -3.647429657705094996e+01
1.821000762345345265e+02 -3.647635644067045746e+01
1.821051487331331487e+02 -3.647863802317646531e+01
1.821102212317317424e+02 -3.648115595093888430e+01
1.821152937303303361e+02 -3.648392485032768917e+01
1.821203662289289298e+02 -3.648695934771279781e+01
1.821254387275275235e+02 -3.649027406946417074e+01
1.821305112261261456e+02 -3.649388364195173295e+01
1.821355837247247393e+02 -3.649780269154542367e+01
1.821406562233233331e+02 -3.650204584461518209e+01
1.821457287219219268e+02 -3.650662772753092611e+01
1.821508012205205205e+02 -3.651156296666264467e+01
1.821558737191191142e+02 -3.651686618838024145e+01
1.821609462177177363e+02 -3.652255201905369120e+01
1.821660187163163300e+02 -3.652863508505286916e+01
1.821710912149149237e+02 -3.653513001274777139e+01
1.821761637135135175e+02 -3.654205142850830157e+01
1.821812362121121112e+02 -3.654941395870443444e+01
1.821863087107107049e+02 -3.655722887344467154e+01
1.821913812093093270e+02 -3.656547020596664055e+01
1.821964537079079207e+02 -3.657408878463535018e+01
1.822015262065065144e+02 -3.658303508624963740e+01
1.822065987051051081e+02 -3.659225958760826103e+01
1.822116712037037018e+02 -3.660171276551002251e+01
1.822167437023022956e+02 -3.661134509675371618e+01
1.822218162009009177e+02 -3.662110705813816480e+01
1.822268886994995114e+02 -3.663094912646204193e+01
1.822319611980981051e+02 -3.664082177852419164e+01
1.822370336966966988e+02 -3.665067549112338696e+01
1.822421061952952925e+02 -3.666046074105841512e+01
1.822471786938938862e+02 -3.667012800512808468e+01
1.822522511924925084e+02 -3.667962776013118287e+01
1.822573236910911021e+02 -3.668891048286642587e+01
1.822623961896896958e+02 -3.669792665013263644e+01
1.822674686882882895e+02 -3.670662673872859472e+01
1.822725411868868832e+02 -3.671496122545309504e+01
1.822776136854855054e+02 -3.672288218766085066e+01
1.822826861840840991e+02 -3.673037402105362048e+01
1.822877586826826928e+02 -3.673745112397017465e+01
1.822928311812812865e+02 -3.674412903136041564e+01
1.822979036798798802e+02 -3.675042327817425303e+01
1.823029761784784739e+02 -3.675634939936155376e+01
1.823080486770770960e+02 -3.676192292987227717e+01
1.823131211756756898e+02 -3.676715940465624755e+01
1.823181936742742835e+02 -3.677207435866339580e+01
1.823232661728728772e+02 -3.677668332684363151e+01
1.823283386714714709e+02 -3.678100184414683582e+01
1.823334111700700646e+02 -3.678504544552291833e+01
1.823384836686686867e+02 -3.678882966592179571e+01
1.823435561672672804e+02 -3.679237004029332070e+01
1.823486286658658742e+02 -3.679568210358740998e+01
1.823537011644644679e+02 -3.679878139075398735e+01
1.823587736630630616e+02 -3.680168343674291975e+01
1.823638461616616553e+02 -3.680440377650410966e+01
1.823689186602602774e+02 -3.680695794498748796e+01
1.823739911588588711e+02 -3.680936147714290740e+01
1.823790636574574648e+02 -3.681162990792029888e+01
1.823841361560560586e+02 -3.681377877226955064e+01
1.823892086546546523e+02 -3.681582360514055807e+01
1.823942811532532460e+02 -3.681777994148321653e+01
1.823993536518518681e+02 -3.681966331624744271e+01
1.824044261504504618e+02 -3.682148926438311776e+01
1.824094986490490555e+02 -3.682327332084015126e+01
1.824145711476476492e+02 -3.682503102056842437e+01
1.824196436462462430e+02 -3.682677789851786088e+01
1.824247161448448651e+02 -3.682852948963832773e+01
1.824297886434434588e+02 -3.683030132887975583e+01
1.824348611420420525e+02 -3.683210895119203343e+01
1.824399336406406462e+02 -3.683396789152503459e+01
1.824450061392392399e+02 -3.683589368482869020e+01
1.824500786378378336e+02 -3.683790186605288142e+01
1.824551511364364558e+02 -3.684000797014752493e+01
1.824602236350350495e+02 -3.684222753206250900e+01
1.824652961336336432e+02 -3.684457608674772189e+01
1.824703686322322369e+02 -3.684706916915305897e+01
1.824754411308308306e+02 -3.684972231422842981e+01
1.824805136294294243e+02 -3.685255105692374400e+01
1.824855861280280465e+02 -3.685557093218889690e+01
1.824906586266266402e+02 -3.685879747497376968e+01
1.824957311252252339e+02 -3.686224622022827191e+01
1.825008036238238276e+02 -3.686593270290229896e+01
1.825058761224224213e+02 -3.686987245794573909e+01
1.825109486210210150e+02 -3.687408102030850188e+01
1.825160211196196371e+02 -3.687857392494052533e+01
1.825210936182182309e+02 -3.688336670679164087e+01
1.825261661168168246e+02 -3.688847490081177227e+01
1.825312386154154183e+02 -3.689391404195082202e+01
1.825363111140140120e+02 -3.689969966515869260e+01
1.825413836126126057e+02 -3.690584730538527225e+01
1.825464561112112278e+02 -3.691237249758049899e+01
1.825515286098098215e+02 -3.691929077669421133e+01
1.825566011084084153e+02 -3.692661767767632597e+01
1.825616736070070090e+02 -3.693436873547674537e+01
1.825667461056056027e+02 -3.694255948504537912e+01
1.825718186042042248e+02 -3.695120546133216521e+01
1.825768911028028185e+02 -3.696032219928690665e+01
1.825819636014014122e+02 -3.696992523385955565e+01
1.825870361000000059e+02 -3.698003010000000046e+01
1.825870361000000059e+02 -4.404194999999999993e+01
