1.755000000000000000e+02 -3.932999999999999829e+01
1.740333333333333314e+02 -3.933333333333333570e+01
1.740000000000000000e+02 -3.925000000000000000e+01
1.739666666666666686e+02 -3.918333333333333002e+01
1.756166666666666742e+02 -3.918333333333333002e+01
1.756666666666666572e+02 -3.900000000000000000e+01
1.760000000000000000e+02 -3.883333333333333570e+01
1.760666666666666629e+02 -3.845000000000000284e+01
1.763333333333333428e+02 -3.845000000000000284e+01
1.757333333333333201e+02 -3.836666666666666714e+01
1.762666666666666799e+02 -3.829999999999999716e+01
1.765000000000000000e+02 -3.814999999999999858e+01
1.762500000000000000e+02 -3.808333333333333570e+01
1.770000000000000000e+02 -3.788333333333333286e+01
1.761999999999999886e+02 -3.781666666666666998e+01
1.759000000000000057e+02 -3.758333333333333570e+01
1.761166666666666742e+02 -3.773333333333333428e+01
1.756833333333333371e+02 -3.751666666666666572e+01
1.757666666666666799e+02 -3.741666666666666430e+01
1.759166666666666572e+02 -3.739999999999999858e+01
1.756999999999999886e+02 -3.735000000000000142e+01
1.758166666666666629e+02 -3.735000000000000142e+01
1.759000000000000057e+02 -3.735000000000000142e+01
1.757666666666666799e+02 -3.726666666666666572e+01
1.755666666666666629e+02 -3.710000000000000142e+01
1.756666666666666572e+02 -3.704999999999999716e+01
1.755833333333333428e+02 -3.696666666666666856e+01
1.758166666666666629e+02 -3.693333333333333002e+01
1.754499999999999886e+02 -3.681666666666666998e+01
1.756333333333333258e+02 -3.679999999999999716e+01
1.755666666666666629e+02 -3.671666666666666856e+01
1.755500000000000114e+02 -3.648333333333333428e+01
1.757166666666666686e+02 -3.525000000000000000e+01
1.753499999999999943e+02 -3.656666666666666998e+01
1.750666666666666629e+02 -3.621666666666666856e+01
1.753166666666666629e+02 -3.621666666666666856e+01
1.753833333333333258e+02 -3.610000000000000142e+01
1.764666666666666686e+02 -3.585000000000000142e+01
1.769666666666666686e+02 -3.756666666666666998e+01
1.771666666666666572e+02 -3.756666666666666998e+01
1.774499999999999886e+02 -3.681666666666666998e+01
1.778666666666666742e+02 -3.646666666666666856e+01
1.780333333333333314e+02 -3.635000000000000142e+01
1.780166666666666799e+02 -3.616666666666666430e+01
1.781999999999999886e+02 -3.616666666666666430e+01
1.788000000000000114e+02 -3.579999999999999716e+01
1.785000000000000000e+02 -3.536666666666666714e+01
1.786333333333333258e+02 -3.543333333333333002e+01
1.788499999999999943e+02 -3.551666666666666572e+01
1.788333333333333428e+02 -3.529999999999999716e+01
1.789666666666666686e+02 -3.523333333333333428e+01
1.788833333333333258e+02 -3.516666666666666430e+01
1.790000000000000000e+02 -3.504999999999999716e+01
1.790666666666666629e+02 -3.486666666666666714e+01
1.792666666666666799e+02 -3.458333333333333570e+01
1.795666666666666629e+02 -3.410000000000000142e+01
1.798166666666666629e+02 -3.376666666666666572e+01
1.799333333333333371e+02 -3.341666666666666430e+01
-1.799499999999999886e+02 -3.316666666666666430e+01
-1.796166666666666742e+02 -3.260000000000000142e+01
-1.795999999999999943e+02 -3.241666666666666430e+01
-1.791833333333333371e+02 -3.235000000000000142e+01
-1.792500000000000000e+02 -3.233333333333333570e+01
-1.791666666666666572e+02 -3.186666666666666714e+01
-1.788166666666666629e+02 -3.160000000000000142e+01
-1.788000000000000114e+02 -3.138333333333333286e+01
-1.790333333333333314e+02 -3.110000000000000142e+01
-1.788499999999999943e+02 -3.106666666666666643e+01
-1.790999999999999943e+02 -3.091666666666666785e+01
-1.785833333333333428e+02 -3.055000000000000071e+01
-1.784499999999999886e+02 -3.023333333333333428e+01
-1.787166666666666686e+02 -3.006666666666666643e+01
-1.783166666666666629e+02 -3.018333333333333357e+01
1.743000000000000114e+02 -3.633333333333333570e+01
1.741666666666666572e+02 -3.621666666666666856e+01
1.745666666666666629e+02 -3.608333333333333570e+01
1.746500000000000057e+02 -3.593333333333333002e+01
1.739499999999999886e+02 -3.600000000000000000e+01
1.743333333333333428e+02 -3.576666666666666572e+01
1.734666666666666686e+02 -3.575000000000000000e+01
1.730000000000000000e+02 -3.576666666666666572e+01
1.730000000000000000e+02 -3.446666666666666856e+01
1.736666666666666572e+02 -3.503333333333333144e+01
1.733666666666666742e+02 -3.486666666666666714e+01
1.759166666666666572e+02 -4.113333333333333286e+01
1.770000000000000000e+02 -3.991666666666666430e+01
1.738166666666666629e+02 -3.893333333333333002e+01
1.739499999999999886e+02 -3.883333333333333570e+01
1.740000000000000000e+02 -3.864999999999999858e+01
1.740666666666666629e+02 -3.843333333333333002e+01
1.738333333333333428e+02 -3.835000000000000142e+01
1.739333333333333371e+02 -3.814999999999999858e+01
1.741500000000000057e+02 -3.818333333333333002e+01
1.744499999999999886e+02 -3.816666666666666430e+01
1.742333333333333201e+02 -3.800000000000000000e+01
1.740500000000000114e+02 -3.773333333333333428e+01
1.743833333333333258e+02 -3.764999999999999858e+01
1.734833333333333201e+02 -3.741666666666666430e+01
1.741999999999999886e+02 -3.735000000000000142e+01
1.741999999999999886e+02 -3.700000000000000000e+01
1.751999999999999886e+02 -3.500000000000000000e+01
1.745833333333333428e+02 -3.468333333333333002e+01
1.743666666666666742e+02 -3.418333333333333002e+01
1.795000000000000000e+02 -3.250000000000000000e+01
