 183.96000000  -28.88000000   -9.13279930
 183.91011694  -28.86932900   -9.35319964
 183.86024414  -28.85863963   -9.65303380
 183.81038160  -28.84793192   -9.96912359
 183.76052934  -28.83720588  -10.30883475
 183.71068736  -28.82646151  -10.63481452
 183.66085567  -28.81569883  -11.11402367
 183.61103429  -28.80491785  -11.59916832
 183.56122323  -28.79411859  -12.10943499
 183.51142249  -28.78330105  -12.74275717
 183.46163210  -28.77246524  -13.37022773
 183.41185205  -28.76161119  -14.31785614
 183.36208236  -28.75073889  -15.28442672
 183.31232305  -28.73984837  -16.40131608
 183.26257411  -28.72893963  -17.49828014
 183.21283557  -28.71801269  -19.14166646
 183.16310743  -28.70706756  -20.77397991
 183.11338970  -28.69610425  -22.53305533
 183.06368239  -28.68512277  -24.62720052
 183.01398552  -28.67412314  -26.59256210
 182.96429909  -28.66310536  -29.37938592
 182.91462311  -28.65206946  -31.97659937
 182.86495759  -28.64101543  -34.87232648
 182.81530255  -28.62994330  -37.47061763
 182.76565800  -28.61885307  -40.52956305
 182.71602394  -28.60774476  -44.24512777
 182.66640038  -28.59661838  -47.45539737
 182.61678733  -28.58547395  -51.14197139
 182.56718481  -28.57431146  -54.32390783
 182.51759283  -28.56313095  -58.53769578
 182.46801138  -28.55193241  -62.14963553
 182.41844049  -28.54071586  -66.23353393
 182.36888017  -28.52948132  -69.75075341
 182.31933041  -28.51822879  -73.74886820
 182.26979124  -28.50695828  -78.38656305
 182.22026266  -28.49566982  -82.48041833
 182.17074468  -28.48436341  -87.03662764
 182.12123732  -28.47303907  -91.56947955
 182.07174057  -28.46169680  -97.05769068
 182.02225446  -28.45033662 -101.72113145
 181.97277898  -28.43895854 -107.47713308
 181.92331416  -28.42756257 -112.46057761
 181.87385999  -28.41614874 -118.09228023
 181.82441650  -28.40471703 -124.45643020
 181.77498367  -28.39326748 -130.32514943
 181.72556154  -28.38180010 -137.23444711
 181.67615010  -28.37031488 -143.86224716
 181.62674937  -28.35881186 -151.23163479
 181.57735935  -28.34729104 -158.02085905
 181.52798005  -28.33575243 -165.97708370
 181.47861148  -28.32419604 -173.55967903
 181.42925366  -28.31262189 -180.56168754
 181.37990658  -28.30102999 -189.20645228
 181.33057027  -28.28942036 -196.82516343
 181.28124472  -28.27779300 -206.26162244
 181.23192995  -28.26614792 -214.49307982
 181.18262597  -28.25448515 -222.75064666
 181.13333278  -28.24280469 -230.97906998
 181.08405039  -28.23110655 -240.53754685
 181.03477881  -28.21939075 -249.03583414
 180.98551805  -28.20765731 -256.44012416
 180.93626812  -28.19590622 -265.23245001
 180.88702903  -28.18413751 -273.65229696
 180.83780079  -28.17235119 -283.30252699
 180.78858340  -28.16054726 -290.44631398
 180.73937687  -28.14872575 -298.55819226
 180.69018121  -28.13688667 -306.81411243
 180.64099643  -28.12503002 -315.99581874
 180.59182254  -28.11315583 -322.71449012
 180.54265954  -28.10126409 -329.92574056
 180.49350745  -28.08935484 -337.67247457
 180.44436627  -28.07742807 -343.74718053
 180.39523602  -28.06548380 -352.36032860
 180.34611669  -28.05352205 -358.69614245
 180.29700829  -28.04154282 -365.60715488
 180.24791084  -28.02954614 -371.28277223
 180.19882435  -28.01753200 -377.66459692
 180.14974881  -28.00550043 -383.86108890
 180.10068424  -27.99345144 -389.17288525
 180.05163065  -27.98138504 -395.65317434
 180.00258804  -27.96930124 -401.28648353
 179.95355642  -27.95720006 -406.04630558
 179.90453580  -27.94508150 -411.30948823
 179.85552619  -27.93294559 -416.12716595
 179.80652760  -27.92079233 -421.23491777
 179.75754002  -27.90862174 -426.27684729
 179.70856348  -27.89643382 -430.99859355
 179.65959797  -27.88422860 -435.41211921
 179.61064351  -27.87200609 -439.27204749
 179.56170010  -27.85976629 -444.28019023
 179.51276775  -27.84750922 -448.34363484
 179.46384647  -27.83523490 -452.35176109
 179.41493626  -27.82294333 -455.66314522
 179.36603713  -27.81063454 -459.90030954
 179.31714909  -27.79830852 -463.25217509
 179.26827215  -27.78596530 -466.81493275
 179.21940631  -27.77360489 -469.64644645
 179.17055158  -27.76122730 -473.24817440
 179.12170797  -27.74883254 -476.07396596
 179.07287548  -27.73642063 -478.99913192
 179.02405412  -27.72399158 -482.05513585
 178.97524391  -27.71154541 -485.14309912
 178.92644483  -27.69908211 -488.16760241
 178.87765691  -27.68660172 -491.34648114
 178.82888015  -27.67410424 -494.69999918
 178.78011455  -27.66158968 -497.66367974
 178.73136013  -27.64905806 -501.48021794
 178.68261688  -27.63650939 -505.01063117
 178.63388482  -27.62394369 -509.57525901
 178.58516395  -27.61136096 -513.15859279
 178.53645428  -27.59876122 -517.68387585
 178.48775582  -27.58614448 -522.32617397
 178.43906857  -27.57351076 -528.03871257
 178.39039253  -27.56086006 -532.38190102
 178.34172773  -27.54819241 -537.64475483
 178.29307415  -27.53550781 -543.65732426
 178.24443181  -27.52280628 -548.32470783
 178.19580071  -27.51008783 -555.61339672
 178.14718087  -27.49735248 -561.52343793
 178.09857228  -27.48460023 -567.65117361
 178.04997495  -27.47183110 -574.56294400
 178.00138890  -27.45904510 -580.65417565
 177.95281411  -27.44624225 -588.37268011
 177.90425061  -27.43342256 -595.14834487
 177.85569839  -27.42058604 -602.83741488
 177.80715747  -27.40773271 -611.29190385
 177.75862785  -27.39486258 -619.42358326
 177.71010953  -27.38197566 -627.72476947
 177.66160252  -27.36907196 -636.57946882
 177.61310683  -27.35615150 -645.52099581
 177.56462246  -27.34321429 -654.67334669
 177.51614942  -27.33026035 -663.56078953
 177.46768771  -27.31728968 -673.51330840
 177.41923734  -27.30430231 -684.41364974
 177.37079831  -27.29129824 -688.42651367
