1.715760660839999900e+02 -4.245548199409999768e+01 -9.163896839999999600e+00
1.715646862939999835e+02 -4.241131485409999868e+01 -9.688062650000000886e+00
1.715533223539999881e+02 -4.236714659409999939e+01 -1.045335361999999968e+01
1.715419742240000005e+02 -4.232297722410000063e+01 -1.122565097000000023e+01
1.715306418439999732e+02 -4.227880672410000074e+01 -1.197128934999999927e+01
1.715193251839999959e+02 -4.223463511410000137e+01 -1.289784009000000076e+01
1.715080241940000008e+02 -4.219046240410000337e+01 -1.368339038000000052e+01
1.714967388139999969e+02 -4.214628857409999796e+01 -1.466522042999999975e+01
1.714854690139999889e+02 -4.210211365410000184e+01 -1.557946641000000021e+01
1.714742147539999735e+02 -4.205793762409999914e+01 -1.653356426999999940e+01
1.714629759639999804e+02 -4.201376049409999780e+01 -1.741049858999999955e+01
1.714517526239999938e+02 -4.196958228409999947e+01 -1.839743155000000030e+01
1.714405446839999740e+02 -4.192540297410000250e+01 -1.933523226000000150e+01
1.714293520939999951e+02 -4.188122257410000060e+01 -2.044087509999999952e+01
1.714181748039999889e+02 -4.183704110410000254e+01 -2.172740201999999954e+01
1.714070127839999884e+02 -4.179285854409999956e+01 -2.286466271999999833e+01
1.713958659739999746e+02 -4.174867490409999959e+01 -2.426021897000000038e+01
1.713847343439999804e+02 -4.170449019410000346e+01 -2.555302865999999895e+01
1.713736178439999946e+02 -4.166030440410000324e+01 -2.696365016000000026e+01
1.713625164339999856e+02 -4.161611755410000058e+01 -2.824534244999999899e+01
1.713514300739999783e+02 -4.157192964410000258e+01 -2.965615822999999907e+01
1.713403587039999820e+02 -4.152774066410000131e+01 -3.109455300999999849e+01
1.713293022939999730e+02 -4.148355062409999761e+01 -3.257732844000000227e+01
1.713182607939999968e+02 -4.143935953409999939e+01 -3.413943319999999915e+01
1.713072341739999729e+02 -4.139516738409999874e+01 -3.587557360000000273e+01
1.712962223739999956e+02 -4.135097418410000358e+01 -3.760086299000000309e+01
1.712852253639999844e+02 -4.130677994410000053e+01 -3.913464336999999915e+01
1.712742431039999929e+02 -4.126258465410000298e+01 -4.069362413999999717e+01
1.712632755339999733e+02 -4.121838832410000464e+01 -4.218039396999999724e+01
1.712523226239999872e+02 -4.117419096409999923e+01 -4.365098445000000282e+01
1.712413843339999744e+02 -4.112999256410000015e+01 -4.519964082999999988e+01
1.712304606239999885e+02 -4.108579313410000111e+01 -4.665039199000000281e+01
1.712195514439999897e+02 -4.104159267410000211e+01 -4.823575409000000036e+01
1.712086567539999749e+02 -4.099739118410000316e+01 -4.993094975999999718e+01
1.711977765139999974e+02 -4.095318867409999797e+01 -5.140554474999999712e+01
1.711869106839999972e+02 -4.090898514410000075e+01 -5.314746858000000174e+01
1.711760592139999915e+02 -4.086478060409999813e+01 -5.480369687000000312e+01
1.711652220839999927e+02 -4.082057504410000348e+01 -5.635095955999999973e+01
1.711543992239999739e+02 -4.077636847410000343e+01 -5.797054820000000319e+01
1.711435906239999838e+02 -4.073216089409999796e+01 -5.963741690999999889e+01
1.711327962239999749e+02 -4.068795230410000130e+01 -6.164067631000000347e+01
1.711220159840000008e+02 -4.064374272410000088e+01 -6.378696305999999794e+01
1.711112498639999728e+02 -4.059953213410000217e+01 -6.626649797000000319e+01
1.711004978339999809e+02 -4.055532055409999970e+01 -6.855709831999999437e+01
1.710897598539999933e+02 -4.051110797409999975e+01 -7.155507771999999989e+01
1.710790358639999909e+02 -4.046689440410000316e+01 -7.457516318999999783e+01
1.710683258439999861e+02 -4.042267985410000364e+01 -7.745369757999999649e+01
1.710576297439999962e+02 -4.037846431410000037e+01 -8.064623984000000689e+01
1.710469475339999974e+02 -4.033424778410000044e+01 -8.409649274999999591e+01
1.710362791639999784e+02 -4.029003028409999843e+01 -8.824781781999999453e+01
1.710256246040000008e+02 -4.024581180410000059e+01 -9.276078914999999370e+01
1.710149838039999963e+02 -4.020159235410000065e+01 -9.817131487000000334e+01
1.710043567339999981e+02 -4.015737192409999778e+01 -1.031595809100000025e+02
1.709937433539999745e+02 -4.011315053410000075e+01 -1.085263322600000038e+02
1.709831436239999789e+02 -4.006892817410000163e+01 -1.162661233999999979e+02
1.709725575039999796e+02 -4.002470485410000123e+01 -1.224026617199999976e+02
1.709619849539999734e+02 -3.998048056409999873e+01 -1.292677586599999984e+02
1.709514259439999933e+02 -3.993625532410000289e+01 -1.366282012700000053e+02
1.709408804239999995e+02 -3.989202913409999951e+01 -1.447376976799999966e+02
1.709303483639999968e+02 -3.984780198410000196e+01 -1.536195117499999867e+02
1.709198297239999818e+02 -3.980357389409999769e+01 -1.632439970300000027e+02
1.709093244639999796e+02 -3.975934484409999925e+01 -1.731571307600000011e+02
1.708988325539999948e+02 -3.971511486410000202e+01 -1.838475643399999910e+02
1.708883539439999879e+02 -3.967088393410000435e+01 -1.948017805300000020e+02
1.708778886139999997e+02 -3.962665206409999996e+01 -2.132560993600000074e+02
1.708674365039999827e+02 -3.958241926410000389e+01 -2.266364399900000137e+02
1.708569975939999779e+02 -3.953818553410000192e+01 -2.372870101299999988e+02
1.708465718439999819e+02 -3.949395086410000033e+01 -2.550739121699999998e+02
1.708361592139999914e+02 -3.944971526409999996e+01 -2.742399727499999926e+02
1.708257596639999747e+02 -3.940547874410000162e+01 -2.918701156500000025e+02
1.708153731639999933e+02 -3.936124130409999822e+01 -3.101334016499999962e+02
1.708049996639999790e+02 -3.931700294410000396e+01 -3.474732130799999936e+02
1.707946391539999809e+02 -3.927276366410000463e+01 -3.651344984300000078e+02
1.707842915640000001e+02 -3.922852346410000024e+01 -3.886455182000000264e+02
1.707739568939999799e+02 -3.918428236409999954e+01 -4.223119204299999865e+02
1.707636350739999784e+02 -3.914004034410000088e+01 -4.611575242299999786e+02
1.707533260939999877e+02 -3.909579741409999798e+01 -4.964559416000000169e+02
1.707430298939999886e+02 -3.905155359409999960e+01 -5.286709322599999723e+02
1.707327464639999732e+02 -3.900730885410000326e+01 -5.541060626400000046e+02
1.707224757539999871e+02 -3.896306322410000433e+01 -5.763553179199999477e+02
1.707122177239999985e+02 -3.891881670410000282e+01 -5.892116106299999956e+02
1.707019723439999837e+02 -3.887456927410000418e+01 -5.958949750399999630e+02
