 182.99000000  -31.24000000   -9.05932895
 182.94063876  -31.22449272   -9.25211174
 182.89129372  -31.20896660   -9.47247442
 182.84196490  -31.19342165   -9.75023716
 182.79265229  -31.17785789  -10.06556172
 182.74335589  -31.16227534  -10.42255152
 182.69407572  -31.14667401  -10.77693028
 182.64481177  -31.13105393  -11.25834227
 182.59556405  -31.11541511  -11.80382001
 182.54633257  -31.09975756  -12.31703505
 182.49711733  -31.08408132  -13.08978804
 182.44791833  -31.06838638  -13.77508968
 182.39873557  -31.05267278  -14.74605700
 182.34956907  -31.03694053  -15.99300960
 182.30041882  -31.02118964  -17.09782008
 182.25128483  -31.00542015  -18.58839434
 182.20216710  -30.98963205  -19.99629746
 182.15306563  -30.97382537  -22.18927467
 182.10398043  -30.95800014  -24.08600499
 182.05491151  -30.94215635  -26.46337608
 182.00585886  -30.92629405  -28.89100874
 181.95682249  -30.91041323  -32.05446391
 181.90780240  -30.89451392  -35.39357958
 181.85879860  -30.87859614  -38.53662212
 181.80981108  -30.86265991  -42.58437430
 181.76083986  -30.84670524  -46.52549994
 181.71188493  -30.83073215  -50.51908032
 181.66294630  -30.81474066  -55.71146127
 181.61402397  -30.79873078  -60.42256409
 181.56511795  -30.78270254  -65.28344957
 181.51622823  -30.76665595  -70.42446671
 181.46735482  -30.75059103  -76.70887893
 181.41849772  -30.73450779  -82.46951401
 181.36965694  -30.71840626  -88.29522734
 181.32083248  -30.70228646  -95.31341375
 181.27202433  -30.68614839 -101.99762188
 181.22323251  -30.66999209 -108.54876576
 181.17445702  -30.65381756 -116.23241023
 181.12569785  -30.63762482 -123.86739470
 181.07695501  -30.62141390 -131.22780476
 181.02822851  -30.60518480 -139.55087635
 180.97951834  -30.58893756 -146.87348390
 180.93082450  -30.57267218 -156.45978677
 180.88214701  -30.55638868 -165.42525602
 180.83348585  -30.54008709 -173.66326365
 180.78484104  -30.52376741 -184.37483453
 180.73621257  -30.50742967 -192.76336045
 180.68760045  -30.49107388 -203.04228400
 180.63900468  -30.47470007 -214.89149330
 180.59042526  -30.45830825 -223.86998049
 180.54186219  -30.44189843 -234.66797550
 180.49331548  -30.42547065 -245.61946919
 180.44478512  -30.40902490 -256.84226688
 180.39627112  -30.39256122 -267.72888527
 180.34777347  -30.37607962 -277.63850815
 180.29929219  -30.35958011 -289.11046224
 180.25082727  -30.34306272 -299.85203309
 180.20237871  -30.32652747 -310.98342743
 180.15394652  -30.30997436 -320.25827385
 180.10553069  -30.29340342 -330.86915154
 180.05713123  -30.27681467 -340.01748371
 180.00874813  -30.26020813 -353.39377738
 179.96038141  -30.24358380 -358.99470026
 179.91203105  -30.22694172 -366.22386607
 179.86369707  -30.21028190 -373.76784934
 179.81537946  -30.19360435 -380.86262159
 179.76707822  -30.17690909 -387.42235386
 179.71879335  -30.16019615 -394.21197664
 179.67052486  -30.14346554 -400.19314751
 179.62227275  -30.12671727 -406.21845163
 179.57403701  -30.10995137 -412.03339451
 179.52581764  -30.09316785 -417.33049063
 179.47761466  -30.07636674 -423.01742875
 179.42942805  -30.05954804 -428.15895764
 179.38125782  -30.04271178 -432.79109739
 179.33310396  -30.02585797 -438.52093449
 179.28496649  -30.00898664 -444.23143275
 179.23684539  -29.99209780 -449.60912450
 179.18874068  -29.97519146 -455.92069616
 179.14065234  -29.95826765 -461.58554096
 179.09258038  -29.94132639 -465.98857598
 179.04452481  -29.92436769 -469.59321215
 178.99648561  -29.90739156 -474.72649082
 178.94846279  -29.89039804 -479.28508938
 178.90045636  -29.87338713 -483.02008563
 178.85246630  -29.85635885 -486.91101133
 178.80449262  -29.83931323 -491.13017252
 178.75653532  -29.82225027 -495.26361374
 178.70859440  -29.80517001 -499.81430056
 178.66066986  -29.78807244 -504.15677032
 178.61276169  -29.77095760 -507.82096711
 178.56486991  -29.75382550 -512.67012902
 178.51699450  -29.73667616 -517.27313981
 178.46913546  -29.71950959 -521.14888778
 178.42129281  -29.70232582 -525.93373219
 178.37346653  -29.68512486 -530.48824280
 178.32565662  -29.66790673 -535.38605983
 178.27786309  -29.65067145 -540.32302609
 178.23008593  -29.63341904 -545.76826787
 178.18232515  -29.61614950 -551.22240443
 178.13458073  -29.59886287 -556.41064855
 178.08685269  -29.58155916 -563.01874897
 178.03914102  -29.56423839 -568.39238620
 177.99144571  -29.54690057 -574.46533707
 177.94376678  -29.52954572 -580.03168899
