 182.58000000  -32.01000000   -9.67259502
 182.53002510  -31.99497062   -9.77714062
 182.48006659  -31.97992166  -10.11848643
 182.43012448  -31.96485314  -10.43345194
 182.38019876  -31.94976507  -10.79811726
 182.33028945  -31.93465748  -11.24400864
 182.28039656  -31.91953037  -11.68393390
 182.23052008  -31.90438378  -12.21025813
 182.18066003  -31.88921771  -12.74302625
 182.13081641  -31.87403219  -13.50434761
 182.08098922  -31.85882722  -14.19302019
 182.03117848  -31.84360284  -15.10178646
 181.98138418  -31.82835906  -16.26617947
 181.93160634  -31.81309589  -17.32177864
 181.88184496  -31.79781335  -18.69613412
 181.83210005  -31.78251147  -20.41702684
 181.78237161  -31.76719026  -22.08924159
 181.73265964  -31.75184973  -23.99441744
 181.68296415  -31.73648991  -26.02539720
 181.63328515  -31.72111082  -28.76791126
 181.58362265  -31.70571246  -31.41283406
 181.53397664  -31.69029487  -34.08794559
 181.48434713  -31.67485805  -37.70766421
 181.43473414  -31.65940203  -40.71779608
 181.38513765  -31.64392682  -44.41193168
 181.33555768  -31.62843244  -49.03836824
 181.28599424  -31.61291892  -52.80409395
 181.23644732  -31.59738625  -57.21780358
 181.18691694  -31.58183448  -62.78548693
 181.13740309  -31.56626361  -67.34657305
 181.08790579  -31.55067366  -72.51054320
 181.03842503  -31.53506465  -78.02951388
 180.98896082  -31.51943659  -84.36375221
 180.93951317  -31.50378952  -90.39067374
 180.89008208  -31.48812343  -96.60780592
 180.84066755  -31.47243836 -104.35546680
 180.79126960  -31.45673431 -110.29243344
 180.74188821  -31.44101132 -117.78865807
 180.69252340  -31.42526939 -126.75065462
 180.64317518  -31.40950854 -133.64405105
 180.59384353  -31.39372880 -141.77932215
 180.54452848  -31.37793017 -150.62803968
 180.49523002  -31.36211268 -160.13593215
 180.44594816  -31.34627635 -168.49262964
 180.39668290  -31.33042119 -179.17377871
 180.34743424  -31.31454723 -189.96232870
 180.29820220  -31.29865447 -198.42564474
 180.24898676  -31.28274294 -209.46276028
 180.19978794  -31.26681266 -220.72786985
 180.15060574  -31.25086364 -232.38367575
 180.10144016  -31.23489591 -241.87177732
 180.05229121  -31.21890947 -256.17912155
 180.00315889  -31.20290436 -267.78695964
 179.95404320  -31.18688058 -278.46149467
 179.90494415  -31.17083815 -291.29998321
 179.85586173  -31.15477710 -304.42777405
 179.80679596  -31.13869744 -315.61767920
 179.75774684  -31.12259918 -328.17477544
 179.70871436  -31.10648236 -343.63001942
 179.65969853  -31.09034698 -358.77199018
 179.61069936  -31.07419306 -368.07738359
 179.56171684  -31.05802062 -380.09129668
 179.51275098  -31.04182969 -390.69877397
 179.46380179  -31.02562027 -401.04049174
 179.41486926  -31.00939239 -409.80851148
 179.36595340  -30.99314606 -418.19351842
 179.31705421  -30.97688130 -425.63296497
 179.26817169  -30.96059813 -432.79829196
 179.21930585  -30.94429657 -439.20947207
 179.17045668  -30.92797664 -445.51705945
 179.12162420  -30.91163835 -450.69499336
 179.07280839  -30.89528173 -456.69833752
 179.02400927  -30.87890679 -461.63795013
 178.97522684  -30.86251354 -466.58096663
 178.92646109  -30.84610201 -471.30306198
 178.87771204  -30.82967222 -475.63966345
 178.82897968  -30.81322418 -480.19592948
 178.78026401  -30.79675791 -484.39551194
 178.73156504  -30.78027343 -488.37013314
 178.68288276  -30.76377076 -492.66098108
 178.63421719  -30.74724992 -496.46415721
 178.58556831  -30.73071091 -500.41828706
 178.53693614  -30.71415378 -504.23367123
 178.48832068  -30.69757852 -508.45339101
 178.43972192  -30.68098516 -512.16526500
 178.39113986  -30.66437372 -516.39883591
 178.34257452  -30.64774421 -519.86886101
 178.29402589  -30.63109665 -524.05414028
 178.24549396  -30.61443107 -528.13853517
 178.19697875  -30.59774747 -532.11584056
 178.14848026  -30.58104589 -536.25984078
 178.09999848  -30.56432633 -540.64104957
 178.05153341  -30.54758881 -544.79801850
 178.00308506  -30.53083335 -549.41400881
 177.95465343  -30.51405998 -553.80205164
 177.90623852  -30.49726870 -558.45924159
 177.85784033  -30.48045954 -563.30548345
 177.80945886  -30.46363252 -568.56218768
 177.76109411  -30.44678764 -573.43758769
 177.71274608  -30.42992494 -579.27767604
 177.66441477  -30.41304443 -584.62801991
 177.61610019  -30.39614612 -590.60656466
 177.56780233  -30.37923004 -595.75126053
 177.51952120  -30.36229621 -597.43000000
