 181.46000000  -34.71000000   -8.27999496
 181.41014356  -34.69151049   -8.40299627
 181.36030939  -34.67300070   -8.56003207
 181.31049751  -34.65447063   -8.80954494
 181.26070791  -34.63592031   -9.04294948
 181.21094058  -34.61734977   -9.35052814
 181.16119553  -34.59875903   -9.69310246
 181.11147276  -34.58014811  -10.06342335
 181.06177226  -34.56151704  -10.60987796
 181.01209403  -34.54286583  -11.21378800
 180.96243808  -34.52419452  -11.80178922
 180.91280439  -34.50550312  -12.74845918
 180.86319297  -34.48679166  -13.67770956
 180.81360382  -34.46806016  -14.66713978
 180.76403694  -34.44930864  -16.11084916
 180.71449231  -34.43053712  -17.48529477
 180.66496995  -34.41174564  -19.35897993
 180.61546985  -34.39293421  -21.31991006
 180.56599200  -34.37410286  -23.13507198
 180.51653641  -34.35525160  -25.75885388
 180.46710307  -34.33638046  -28.26824922
 180.41769198  -34.31748947  -30.69100879
 180.36830314  -34.29857865  -33.82739737
 180.31893654  -34.27964802  -36.81635177
 180.26959219  -34.26069760  -40.36901365
 180.22027007  -34.24172741  -43.80060798
 180.17097020  -34.22273749  -46.87456959
 180.12169256  -34.20372785  -50.74614550
 180.07243714  -34.18469851  -54.38839534
 180.02320396  -34.16564950  -57.95757680
 179.97399301  -34.14658084  -61.94071226
 179.92480427  -34.12749256  -66.11836783
 179.87563776  -34.10838467  -70.55172377
 179.82649346  -34.08925720  -74.85693583
 179.77737138  -34.07011018  -79.09438562
 179.72827150  -34.05094362  -83.76641103
 179.67919383  -34.03175755  -88.92800969
 179.63013836  -34.01255199  -93.46316789
 179.58110510  -33.99332697  -98.77945046
 179.53209403  -33.97408250 -104.99314651
 179.48310515  -33.95481862 -110.66511232
 179.43413846  -33.93553533 -116.14529051
 179.38519395  -33.91623267 -123.11910540
 179.33627162  -33.89691066 -129.04712548
 179.28737147  -33.87756933 -136.86354725
 179.23849349  -33.85820868 -142.81513454
 179.18963768  -33.83882876 -150.07289578
 179.14080403  -33.81942957 -158.00457356
 179.09199254  -33.80001115 -164.81992665
 179.04320321  -33.78057351 -172.79538633
 178.99443602  -33.76111669 -180.93204656
 178.94569099  -33.74164069 -188.61563118
 178.89696809  -33.72214555 -197.62475721
 178.84826734  -33.70263128 -204.29036392
 178.79958871  -33.68309791 -213.49404170
 178.75093221  -33.66354547 -221.13054236
 178.70229783  -33.64397397 -229.11764573
 178.65368558  -33.62438344 -237.78791277
 178.60509543  -33.60477390 -245.73861640
 178.55652739  -33.58514538 -253.19219105
 178.50798146  -33.56549789 -262.27876802
 178.45945762  -33.54583146 -270.50750195
 178.41095587  -33.52614611 -278.39810636
 178.36247621  -33.50644187 -288.23255715
 178.31401863  -33.48671875 -296.93217842
 178.26558313  -33.46697678 -304.86110942
 178.21716970  -33.44721599 -314.58785928
 178.16877833  -33.42743639 -323.46568453
 178.12040902  -33.40763801 -338.02644114
 178.07206177  -33.38782087 -355.56772693
 178.02373656  -33.36798499 -364.29044008
 177.97543339  -33.34813040 -376.45946914
 177.92715226  -33.32825712 -387.38835173
 177.87889316  -33.30836517 -397.22886370
 177.83065609  -33.28845457 -407.63601462
 177.78244103  -33.26852535 -418.38766042
 177.73424798  -33.24857752 -428.60387685
 177.68607694  -33.22861112 -438.44145639
 177.63792789  -33.20862617 -448.14511462
 177.58980084  -33.18862268 -457.34046804
 177.54169578  -33.16860068 -466.78942913
 177.49361269  -33.14856019 -475.71007862
 177.44555158  -33.12850124 -484.84007000
 177.39751243  -33.10842384 -493.63650892
 177.34949525  -33.08832803 -501.89301717
 177.30150001  -33.06821381 -510.93167495
 177.25352672  -33.04808122 -519.45093279
 177.20557537  -33.02793028 -528.24711053
 177.15764596  -33.00776101 -537.26483407
 177.10973847  -32.98757343 -545.41137097
 177.06185289  -32.96736756 -554.28004604
 177.01398923  -32.94714344 -562.61165469
 176.96614747  -32.92690107 -571.10071201
 176.91832761  -32.90664048 -580.18809364
 176.87052964  -32.88636170 -588.39767897
 176.82275355  -32.86606474 -595.36658694
 176.77499933  -32.84574964 -597.43000000
