 184.17000000  -28.02000000   -9.09499047
 184.11991457  -28.01182291   -9.30007620
 184.06983676  -28.00362767   -9.59481329
 184.01976657  -27.99541428   -9.91856349
 183.96970402  -27.98718277  -10.32552968
 183.91964913  -27.97893313  -10.69411411
 183.86960189  -27.97066537  -11.14862195
 183.81956234  -27.96237951  -11.74806293
 183.76953048  -27.95407555  -12.32643052
 183.71950632  -27.94575351  -12.99108155
 183.66948988  -27.93741338  -13.86722990
 183.61948117  -27.92905519  -14.69074735
 183.56948020  -27.92067894  -15.72745750
 183.51948698  -27.91228463  -17.11057095
 183.46950154  -27.90387229  -18.44052734
 183.41952387  -27.89544191  -19.94336670
 183.36955400  -27.88699351  -21.88024368
 183.31959193  -27.87852710  -23.63888420
 183.26963768  -27.87004268  -25.77119597
 183.21969126  -27.86154026  -28.47763193
 183.16975269  -27.85301986  -30.94143481
 183.11982198  -27.84448148  -33.58377611
 183.06989913  -27.83592514  -36.60312489
 183.01998416  -27.82735083  -39.63983617
 182.97007708  -27.81875858  -42.86609912
 182.92017792  -27.81014839  -46.73793596
 182.87028667  -27.80152026  -50.09161189
 182.82040335  -27.79287422  -53.53501688
 182.77052797  -27.78421027  -57.42576276
 182.72066055  -27.77552841  -61.17447925
 182.67080109  -27.76682866  -65.05537827
 182.62094962  -27.75811103  -69.53275347
 182.57110614  -27.74937552  -73.49713842
 182.52127065  -27.74062215  -78.14804508
 182.47144319  -27.73185093  -82.11288109
 182.42162376  -27.72306186  -86.51685592
 182.37181236  -27.71425495  -91.09183954
 182.32200901  -27.70543022  -96.36951113
 182.27221373  -27.69658768 -101.08080458
 182.22242653  -27.68772732 -106.46814294
 182.17264741  -27.67884917 -111.63469470
 182.12287639  -27.66995323 -117.01821527
 182.07311349  -27.66103951 -123.42716757
 182.02335870  -27.65210802 -128.83297111
 181.97361205  -27.64315878 -134.50889976
 181.92387355  -27.63419178 -141.03248325
 181.87414321  -27.62520705 -147.21137909
 181.82442103  -27.61620459 -153.55555833
 181.77470704  -27.60718440 -160.61413002
 181.72500124  -27.59814651 -167.04946032
 181.67530365  -27.58909091 -173.29842364
 181.62561427  -27.58001762 -181.17308377
 181.57593312  -27.57092666 -188.23637610
 181.52626021  -27.56181802 -195.40288379
 181.47659555  -27.55269172 -203.11728852
 181.42693915  -27.54354776 -210.40785171
 181.37729102  -27.53438617 -218.64657800
 181.32765118  -27.52520694 -226.39266523
 181.27801963  -27.51601009 -234.17801132
 181.22839640  -27.50679563 -242.39307793
 181.17878148  -27.49756356 -250.09276787
 181.12917489  -27.48831390 -257.62198850
 181.07957664  -27.47904666 -266.80186004
 181.02998674  -27.46976185 -274.75407845
 180.98040521  -27.46045947 -281.87130237
 180.93083205  -27.45113954 -290.38669993
 180.88126727  -27.44180206 -297.75352233
 180.83171089  -27.43244705 -306.46008481
 180.78216292  -27.42307452 -313.96523886
 180.73262337  -27.41368448 -320.47286718
 180.68309225  -27.40427693 -328.17050711
 180.63356956  -27.39485189 -334.99488258
 180.58405533  -27.38540936 -341.62678855
 180.53454955  -27.37594937 -349.27742246
 180.48505225  -27.36647190 -354.94191494
 180.43556344  -27.35697699 -361.05915093
 180.38608311  -27.34746463 -367.36692846
 180.33661129  -27.33793484 -373.17246545
 180.28714799  -27.32838763 -379.69748582
 180.23769321  -27.31882300 -384.47781526
 180.18824696  -27.30924097 -389.63260043
 180.13880927  -27.29964155 -394.75585947
 180.08938013  -27.29002474 -399.69376074
 180.03995956  -27.28039057 -404.54222379
 179.99054756  -27.27073903 -409.16480896
 179.94114416  -27.26107014 -413.49119452
 179.89174935  -27.25138390 -417.63902398
 179.84236315  -27.24168034 -421.89137149
 179.79298557  -27.23195945 -426.13731072
 179.74361662  -27.22222126 -430.09861199
 179.69425631  -27.21246576 -433.89089323
 179.64490466  -27.20269297 -437.41219954
 179.59556166  -27.19290291 -441.26821511
 179.54622733  -27.18309557 -445.18957646
 179.49690168  -27.17327097 -448.08088289
 179.44758472  -27.16342913 -452.31838977
 179.39827647  -27.15357004 -455.50562240
 179.34897692  -27.14369373 -459.12413816
 179.29968609  -27.13380020 -462.21980874
 179.25040400  -27.12388946 -465.67578802
 179.20113064  -27.11396152 -469.11084848
 179.15186604  -27.10401639 -472.23601450
 179.10261019  -27.09405409 -475.57166684
 179.05336311  -27.08407462 -478.72391609
 179.00412482  -27.07407800 -482.88368428
 178.95489531  -27.06406423 -485.74206060
 178.90567460  -27.05403333 -489.51908014
 178.85646270  -27.04398530 -493.09460287
 178.80725962  -27.03392016 -496.54966017
 178.75806537  -27.02383791 -500.48516516
 178.70887995  -27.01373858 -504.43947399
 178.65970338  -27.00362215 -508.65165765
 178.61053567  -26.99348866 -512.96052735
 178.56137682  -26.98333811 -517.20306564
 178.51222685  -26.97317050 -521.29152130
 178.46308576  -26.96298586 -526.90760320
 178.41395357  -26.95278418 -531.95831228
 178.36483028  -26.94256549 -537.51686649
 178.31571590  -26.93232978 -542.40720911
 178.26661044  -26.92207708 -548.19398436
 178.21751392  -26.91180740 -555.24242175
 178.16842633  -26.90152073 -561.34418956
 178.11934770  -26.89121710 -568.51658654
 178.07027802  -26.88089651 -574.72756749
 178.02121731  -26.87055898 -581.98182341
 177.97216558  -26.86020452 -590.55780990
 177.92312283  -26.84983313 -597.76820810
 177.87408908  -26.83944483 -606.81303820
 177.82506433  -26.82903963 -614.51212731
 177.77604859  -26.81861753 -623.33357530
 177.72704187  -26.80817856 -632.65200583
 177.67804419  -26.79772271 -641.87405303
 177.62905554  -26.78725001 -650.86989045
 177.58007594  -26.77676046 -662.43176400
 177.53110540  -26.76625407 -672.80541584
 177.48214392  -26.75573085 -683.19122424
 177.43319152  -26.74519082 -690.07208252
