 184.58000000  -26.23000000   -7.46272642
 184.52987216  -26.22999131   -7.56785331
 184.47974434  -26.22996522   -7.80832283
 184.42961655  -26.22992176   -8.07084471
 184.37948880  -26.22986090   -8.36171620
 184.32936111  -26.22978266   -8.68890407
 184.27923350  -26.22968702   -9.06212071
 184.22910598  -26.22957401   -9.49281345
 184.17897856  -26.22944360   -9.99405126
 184.12885126  -26.22929581  -10.58028292
 184.07872410  -26.22913063  -11.26695250
 184.02859709  -26.22894806  -12.06998163
 183.97847024  -26.22874811  -13.00511800
 183.92834357  -26.22853077  -14.08717025
 183.87821710  -26.22829605  -15.32918482
 183.82809083  -26.22804394  -16.74161663
 183.77796479  -26.22777444  -18.33156792
 183.72783900  -26.22748756  -20.10217334
 183.67771345  -26.22718329  -22.05221185
 183.62758818  -26.22686164  -24.17601108
 183.57746319  -26.22652261  -26.46368424
 183.52733850  -26.22616619  -28.90171583
 183.47721412  -26.22579239  -31.47387476
 183.42709008  -26.22540120  -34.16239315
 183.37696638  -26.22499263  -36.94932454
 183.32684303  -26.22456668  -39.81796183
 183.27672007  -26.22412335  -42.75418814
 183.22659749  -26.22366264  -45.74763178
 183.17647532  -26.22318454  -48.79251595
 183.12635356  -26.22268907  -51.88813738
 183.07623225  -26.22217621  -55.03891052
 183.02611138  -26.22164598  -58.25400631
 182.97599097  -26.22109837  -61.54663259
 182.92587105  -26.22053338  -64.93303579
 182.87575162  -26.21995101  -68.43133827
 182.82563269  -26.21935126  -72.06033641
 182.77551430  -26.21873414  -75.83836382
 182.72539644  -26.21809965  -79.78232501
 182.67527913  -26.21744777  -83.90697477
 182.62516240  -26.21677853  -88.22444303
 182.57504625  -26.21609191  -92.74402662
 182.52493070  -26.21538792  -97.47220826
 182.47481576  -26.21466655 -102.41285896
 182.42470145  -26.21392782 -107.56752230
 182.37458778  -26.21317171 -112.93573955
 182.32447477  -26.21239823 -118.51537852
 182.27436244  -26.21160739 -124.30288951
 182.22425080  -26.21079918 -130.97829852
 182.17413985  -26.20997360 -136.60568697
 182.12402963  -26.20913065 -143.02196749
 182.07392014  -26.20827034 -149.62169156
 182.02381140  -26.20739267 -156.39481341
 181.97370342  -26.20649763 -163.33016934
 181.92359622  -26.20558522 -170.41548494
 181.87348981  -26.20465546 -177.63737684
 181.82338421  -26.20370834 -184.98133343
 181.77327944  -26.20274385 -192.43169328
 181.72317550  -26.20176201 -199.97160020
 181.67307241  -26.20076281 -207.58300378
 181.62297019  -26.19974625 -215.24665838
 181.57286885  -26.19871234 -222.94217228
 181.52276841  -26.19766108 -230.64813982
 181.47266888  -26.19659246 -238.34239467
 181.42257028  -26.19550649 -246.00235971
 181.37247262  -26.19440316 -253.60549971
 181.32237592  -26.19328249 -261.12993968
 181.27228019  -26.19214447 -268.55515155
 181.22218544  -26.19098910 -275.86263098
 181.17209170  -26.18981639 -283.95321917
 181.12199897  -26.18862633 -290.98587744
 181.07190727  -26.18741893 -297.86450572
 181.02181662  -26.18619418 -303.91225678
 180.97172703  -26.18495210 -310.46002091
 180.92163852  -26.18369267 -316.85224140
 180.87155109  -26.18241591 -323.09505375
 180.82146477  -26.18112181 -329.19674468
 180.77137957  -26.17981037 -335.16681572
 180.72129550  -26.17848160 -341.01495233
 180.67121259  -26.17713550 -346.75010119
 180.62113083  -26.17577206 -352.37961142
 180.57105026  -26.17439130 -357.90856784
 180.52097088  -26.17299321 -363.33944837
 180.47089271  -26.17157779 -368.67208649
 180.42081576  -26.17014504 -373.90396419
 180.37074005  -26.16869497 -379.03074642
 180.32066560  -26.16722758 -384.04712635
 180.27059241  -26.16574287 -388.94782974
 180.22052050  -26.16424083 -393.72862492
 180.17044989  -26.16272148 -399.00855680
 180.12038060  -26.16118482 -403.51090588
 180.07031263  -26.15963084 -407.89964152
 180.02024600  -26.15805955 -411.95096093
 179.97018072  -26.15647094 -416.16529665
 179.92011682  -26.15486503 -420.30200476
 179.87005430  -26.15324181 -424.38155411
 179.81999319  -26.15160128 -428.42681988
 179.76993349  -26.14994345 -432.46196817
 179.71987522  -26.14826831 -436.51127989
 179.66981839  -26.14657588 -440.59793520
 179.61976302  -26.14486614 -444.74283794
 179.56970913  -26.14313911 -448.96363154
 179.51965672  -26.14139478 -453.79674220
 179.46960582  -26.13963316 -458.25431216
 179.41955644  -26.13785425 -462.82072533
 179.36950858  -26.13605805 -467.49368741
 179.31946228  -26.13424456 -471.77750789
 179.26941754  -26.13241379 -476.60440888
 179.21937437  -26.13056573 -481.50055147
 179.16933279  -26.12870038 -486.44607730
 179.11929282  -26.12681776 -491.41882550
 179.06925447  -26.12491786 -496.39557781
 179.01921776  -26.12300069 -501.35346396
 178.96918269  -26.12106624 -506.27139264
 178.91914929  -26.11911452 -511.13145824
 178.86911757  -26.11714553 -515.92023024
 178.81908754  -26.11515927 -520.62983694
 178.76905921  -26.11315574 -525.99219513
 178.71903262  -26.11113495 -530.51289435
 178.66900775  -26.10909690 -534.97404319
 178.61898464  -26.10704159 -539.37929514
 178.56896330  -26.10496903 -543.79666611
 178.51894373  -26.10287921 -548.22347071
 178.46892596  -26.10077213 -552.69403178
 178.41891000  -26.09864781 -557.24516223
 178.36889587  -26.09650624 -561.91509806
 178.31888357  -26.09434742 -566.74216998
 178.26887313  -26.09217135 -571.76361012
 178.21886455  -26.08997805 -577.81666300
 178.16885786  -26.08776751 -583.41524124
 178.11885306  -26.08553973 -589.31643616
 178.06885018  -26.08329471 -594.93396589
 178.01884922  -26.08103247 -601.41068294
 177.96885020  -26.07875299 -608.23812936
 177.91885313  -26.07645629 -615.42853657
 177.86885803  -26.07414236 -622.99023585
 177.81886492  -26.07181121 -630.92736521
 177.76887380  -26.06946284 -639.23923260
 177.71888470  -26.06709725 -647.91942265
 177.66889762  -26.06471445 -656.95476382
 177.61891259  -26.06231444 -667.52869800
 177.56892960  -26.05989721 -677.15519803
 177.51894869  -26.05746278 -686.37367992
 177.46896987  -26.05501114 -696.49634274
 177.41899314  -26.05254230 -700.40393066
