 174.59000000  -42.16000000   -9.16389684
 174.57862021  -42.11583286   -9.68806265
 174.56725627  -42.07166460  -10.45335362
 174.55590814  -42.02749523  -11.22565097
 174.54457576  -41.98332473  -11.97128935
 174.53325910  -41.93915312  -12.89784009
 174.52195811  -41.89498041  -13.68339038
 174.51067273  -41.85080658  -14.66522043
 174.49940293  -41.80663166  -15.57946641
 174.48814867  -41.76245563  -16.53356427
 174.47690988  -41.71827850  -17.41049859
 174.46568654  -41.67410029  -18.39743155
 174.45447860  -41.62992098  -19.33523226
 174.44328601  -41.58574058  -20.44087510
 174.43210872  -41.54155911  -21.72740202
 174.42094670  -41.49737655  -22.86466272
 174.40979989  -41.45319291  -24.26021897
 174.39866826  -41.40900820  -25.55302866
 174.38755176  -41.36482241  -26.96365016
 174.37645035  -41.32063556  -28.24534245
 174.36536399  -41.27644765  -29.65615823
 174.35429262  -41.23225867  -31.09455301
 174.34323621  -41.18806863  -32.57732844
 174.33219471  -41.14387754  -34.13943320
 174.32116809  -41.09968539  -35.87557360
 174.31015629  -41.05549219  -37.60086299
 174.29915928  -41.01129795  -39.13464337
 174.28817702  -40.96710266  -40.69362414
 174.27720945  -40.92290633  -42.18039397
 174.26625654  -40.87870897  -43.65098445
 174.25531825  -40.83451057  -45.19964083
 174.24439454  -40.79031114  -46.65039199
 174.23348536  -40.74611068  -48.23575409
 174.22259067  -40.70190919  -49.93094976
 174.21171043  -40.65770668  -51.40554475
 174.20084460  -40.61350315  -53.14746858
 174.18999313  -40.56929861  -54.80369687
 174.17915600  -40.52509305  -56.35095956
 174.16833314  -40.48088648  -57.97054820
 174.15752454  -40.43667890  -59.63741691
 174.14673014  -40.39247031  -61.64067631
 174.13594990  -40.34826073  -63.78696306
 174.12518378  -40.30405014  -66.26649797
 174.11443175  -40.25983856  -68.55709832
 174.10369377  -40.21562598  -71.55507772
 174.09296978  -40.17141241  -74.57516319
 174.08225976  -40.12719786  -77.45369758
 174.07156366  -40.08298232  -80.64623984
 174.06088145  -40.03876579  -84.09649275
 174.05021308  -39.99454829  -88.24781782
 174.03955852  -39.95032981  -92.76078915
 174.02891772  -39.90611036  -98.17131487
 174.01829065  -39.86188993 -103.15958091
 174.00767727  -39.81766854 -108.52633226
 173.99707754  -39.77344618 -116.26612340
 173.98649142  -39.72922286 -122.40266172
 173.97591887  -39.68499857 -129.26775866
 173.96535986  -39.64077333 -136.62820127
 173.95481434  -39.59654714 -144.73769768
 173.94428228  -39.55231999 -153.61951175
 173.93376364  -39.50809190 -163.24399703
 173.92325838  -39.46386285 -173.15713076
 173.91276647  -39.41963287 -183.84756434
 173.90228786  -39.37540194 -194.80178053
 173.89182253  -39.33117007 -213.25609936
 173.88137042  -39.28693727 -226.63643999
 173.87093151  -39.24270354 -237.28701013
 173.86050576  -39.19846887 -255.07391217
 173.85009313  -39.15423327 -274.23997275
 173.83969358  -39.10999675 -291.87011565
 173.82930708  -39.06575931 -310.13340165
 173.81893358  -39.02152095 -347.47321308
 173.80857307  -38.97728167 -365.13449843
 173.79822548  -38.93304147 -388.64551820
 173.78789081  -38.88880037 -422.31192043
 173.77756899  -38.84455835 -461.15752423
 173.76726001  -38.80031542 -496.45594160
 173.75696381  -38.75607160 -528.67093226
 173.74668038  -38.71182686 -554.10606264
 173.73640967  -38.66758123 -576.35531792
 173.72615164  -38.62333471 -589.21161063
 173.71590626  -38.57908728 -595.89497504
