 181.83000000  -33.86000000   -8.84921360
 181.77996253  -33.84282166   -8.92814963
 181.72994519  -33.82562311   -9.20109401
 181.67994798  -33.80840438   -9.44257791
 181.62997090  -33.79116548   -9.75803426
 181.58001395  -33.77390645  -10.15210587
 181.53007714  -33.75662729  -10.58273306
 181.48016046  -33.73932804  -11.00654104
 181.43026393  -33.72200870  -11.63716292
 181.38038754  -33.70466931  -12.31565076
 181.33053129  -33.68730989  -13.00898848
 181.28069519  -33.66993045  -14.02718976
 181.23087923  -33.65253102  -15.08342231
 181.18108343  -33.63511162  -16.41043756
 181.13130778  -33.61767227  -17.75384410
 181.08155228  -33.60021299  -19.30620558
 181.03181693  -33.58273380  -21.28110890
 180.98210174  -33.56523472  -23.17489952
 180.93240671  -33.54771578  -25.28475859
 180.88273183  -33.53017700  -27.98271803
 180.83307711  -33.51261839  -30.29834810
 180.78344256  -33.49503998  -33.07011471
 180.73382817  -33.47744179  -36.45447898
 180.68423394  -33.45982384  -39.20203285
 180.63465987  -33.44218616  -42.54431198
 180.58510597  -33.42452876  -46.43460879
 180.53557223  -33.40685166  -49.50740371
 180.48605866  -33.38915489  -53.32884184
 180.43656525  -33.37143846  -57.71136910
 180.38709202  -33.35370240  -61.46442415
 180.33763895  -33.33594674  -65.44346363
 180.28820605  -33.31817148  -70.09360979
 180.23879331  -33.30037665  -74.41953945
 180.18940075  -33.28256228  -79.16226328
 180.14002835  -33.26472839  -84.45280454
 180.09067613  -33.24687498  -89.27972802
 180.04134407  -33.22900210  -94.93984345
 179.99203219  -33.21110975 -100.95785157
 179.94274047  -33.19319796 -106.83245025
 179.89346892  -33.17526676 -114.33829426
 179.84421754  -33.15731615 -119.94520685
 179.79498633  -33.13934617 -127.02391048
 179.74577529  -33.12135683 -135.09460148
 179.69658441  -33.10334816 -141.37418015
 179.64741370  -33.08532017 -150.16188577
 179.59826316  -33.06727289 -159.13745258
 179.54913278  -33.04920634 -165.97752251
 179.50002258  -33.03112054 -175.02021842
 179.45093253  -33.01301551 -184.63748857
 179.40186265  -32.99489127 -193.68181861
 179.35281293  -32.97674785 -203.57028709
 179.30378337  -32.95858526 -212.33786474
 179.25477398  -32.94040352 -222.06269544
 179.20578474  -32.92220267 -232.50294623
 179.15681567  -32.90398271 -243.16318288
 179.10786675  -32.88574367 -252.12459666
 179.05893799  -32.86748557 -262.90075535
 179.01002938  -32.84920844 -272.72296887
 178.96114092  -32.83091228 -281.58382773
 178.91227262  -32.81259714 -292.30026005
 178.86342447  -32.79426301 -300.68099056
 178.81459647  -32.77590993 -309.87395561
 178.76578861  -32.75753792 -319.69654480
 178.71700090  -32.73914700 -328.61514154
 178.66823333  -32.72073719 -336.14632110
 178.61948591  -32.70230851 -348.51495598
 178.57075862  -32.68386098 -357.40704953
 178.52205147  -32.66539463 -365.85049463
 178.47336446  -32.64690947 -375.79960734
 178.42469758  -32.62840552 -385.80625188
 178.37605083  -32.60988281 -395.41551833
 178.32742421  -32.59134136 -404.86634800
 178.27881772  -32.57278119 -414.04576733
 178.23023135  -32.55420231 -422.80561568
 178.18166510  -32.53560476 -431.19531585
 178.13311897  -32.51698855 -439.43500369
 178.08459296  -32.49835371 -447.57783644
 178.03608706  -32.47970024 -454.86109047
 177.98760128  -32.46102819 -462.65899867
 177.93913560  -32.44233756 -470.08612042
 177.89069002  -32.42362837 -477.00208211
 177.84226455  -32.40490066 -484.61244543
 177.79385918  -32.38615443 -491.44222253
 177.74547391  -32.36738972 -498.64364359
 177.69710873  -32.34860654 -505.63222906
 177.64876363  -32.32980491 -512.43487835
 177.60043863  -32.31098485 -519.41652434
 177.55213371  -32.29214639 -526.18775861
 177.50384887  -32.27328955 -533.11049131
 177.45558411  -32.25441434 -540.20683289
 177.40733942  -32.23552079 -547.25493365
 177.35911480  -32.21660892 -554.20266285
 177.31091024  -32.19767875 -561.87859924
 177.26272575  -32.17873030 -568.64779227
 177.21456132  -32.15976359 -576.43281002
 177.16641694  -32.14077864 -584.06463992
 177.11829262  -32.12177548 -591.28518017
 177.07018834  -32.10275413 -595.78431666
