 183.72000000  -29.68000000   -9.11444656
 183.67183003  -29.66356190   -9.26761999
 183.62367580  -29.64710639   -9.56244939
 183.57553732  -29.63063349   -9.87612700
 183.52741460  -29.61414321  -10.18068977
 183.47930762  -29.59763557  -10.52527649
 183.43121640  -29.58111059  -10.94370834
 183.38314093  -29.56456829  -11.32457999
 183.33508121  -29.54800868  -11.80274194
 183.28703724  -29.53143179  -12.33667463
 183.23900903  -29.51483762  -13.01763119
 183.19099658  -29.49822619  -13.70921440
 183.14299988  -29.48159753  -14.61066370
 183.09501893  -29.46495165  -15.68662584
 183.04705374  -29.44828857  -16.68959091
 182.99910431  -29.43160830  -17.98134857
 182.95117064  -29.41491087  -19.53781712
 182.90325272  -29.39819628  -21.16458249
 182.85535057  -29.38146457  -22.87161697
 182.80746416  -29.36471573  -25.14344443
 182.75959352  -29.34794980  -27.52534125
 182.71173864  -29.33116679  -30.00042570
 182.66389951  -29.31436671  -32.93196938
 182.61607614  -29.29754959  -35.73494218
 182.56826853  -29.28071543  -38.74867488
 182.52047668  -29.26386427  -41.94006051
 182.47270058  -29.24699611  -45.53496086
 182.42494025  -29.23011097  -49.22505241
 182.37719567  -29.21320888  -52.78170936
 182.32946684  -29.19628984  -56.56643236
 182.28175378  -29.17935388  -60.88465934
 182.23405647  -29.16240100  -64.46679545
 182.18637491  -29.14543124  -68.63111867
 182.13870911  -29.12844461  -73.64274709
 182.09105907  -29.11144112  -77.51840762
 182.04342478  -29.09442079  -81.97598557
 181.99580624  -29.07738364  -86.18065991
 181.94820345  -29.06032969  -92.09401556
 181.90061642  -29.04325895  -96.57956513
 181.85304514  -29.02617144 -102.19433997
 181.80548961  -29.00906717 -107.17243119
 181.75794983  -28.99194618 -113.19925538
 181.71042580  -28.97480847 -118.43958416
 181.66291751  -28.95765405 -126.02298850
 181.61542497  -28.94048296 -132.95126577
 181.56794818  -28.92329520 -139.16848179
 181.52048713  -28.90609079 -147.25120421
 181.47304183  -28.88886975 -155.46047006
 181.42561226  -28.87163210 -162.65547721
 181.37819844  -28.85437785 -170.94478832
 181.33080036  -28.83710703 -178.53615804
 181.28341801  -28.81981964 -188.35734158
 181.23605141  -28.80251571 -196.36730188
 181.18870053  -28.78519525 -205.06735268
 181.14136539  -28.76785828 -214.35125046
 181.09404599  -28.75050482 -222.52565848
 181.04674231  -28.73313489 -232.37123461
 180.99945436  -28.71574850 -239.85111699
 180.95218214  -28.69834567 -248.40599147
 180.90492565  -28.68092642 -255.99409894
 180.85768488  -28.66349076 -265.04354496
 180.81045983  -28.64603871 -273.59881499
 180.76325050  -28.62857029 -280.90537649
 180.71605689  -28.61108552 -290.38286809
 180.66887900  -28.59358441 -297.79147937
 180.62171682  -28.57606699 -305.56215435
 180.57457035  -28.55853326 -313.70622802
 180.52743959  -28.54098325 -320.98673367
 180.48032454  -28.52341697 -328.99403711
 180.43322520  -28.50583444 -336.04340003
 180.38614156  -28.48823568 -342.83841417
 180.33907362  -28.47062070 -350.21086647
 180.29202138  -28.45298953 -356.83603569
 180.24498484  -28.43534217 -363.90526028
 180.19796399  -28.41767866 -369.43649445
 180.15095884  -28.39999899 -375.98826734
 180.10396937  -28.38230320 -381.03432230
 180.05699559  -28.36459130 -387.29495611
 180.01003750  -28.34686330 -393.18645666
 179.96309508  -28.32911923 -398.04833313
 179.91616835  -28.31135909 -404.29329203
 179.86925729  -28.29358292 -409.09634314
 179.82236191  -28.27579072 -414.18536925
 179.77548219  -28.25798251 -419.43771662
 179.72861815  -28.24015831 -423.77880340
 179.68176977  -28.22231814 -429.26111560
 179.63493705  -28.20446201 -433.72048720
 179.58811999  -28.18658995 -438.17753213
 179.54131859  -28.16870196 -442.95159103
 179.49453284  -28.15079807 -447.00585226
 179.44776274  -28.13287829 -451.00831382
 179.40100828  -28.11494264 -455.34033189
 179.35426947  -28.09699114 -459.06154073
 179.30754630  -28.07902380 -462.58227647
 179.26083877  -28.06104065 -466.48707299
 179.21414688  -28.04304170 -470.09561335
 179.16747061  -28.02502696 -472.98937348
 179.12080997  -28.00699646 -476.49025264
 179.07416495  -27.98895021 -479.93650331
 179.02753556  -27.97088822 -482.74187576
 178.98092178  -27.95281052 -485.68697567
 178.93432361  -27.93471713 -488.59989974
 178.88774105  -27.91660805 -491.77822066
 178.84117410  -27.89848332 -494.91137183
 178.79462276  -27.88034293 -498.53829748
 178.74808701  -27.86218692 -501.98522473
 178.70156685  -27.84401530 -504.68351107
 178.65506229  -27.82582808 -509.08988950
 178.60857331  -27.80762529 -512.49741972
 178.56209992  -27.78940694 -516.65964529
 178.51564210  -27.77117304 -520.43154716
 178.46919986  -27.75292362 -525.39427358
 178.42277319  -27.73465869 -529.98843314
 178.37636209  -27.71637828 -535.16507943
 178.32996656  -27.69808238 -540.21087284
 178.28358658  -27.67977104 -546.08123712
 178.23722215  -27.66144425 -551.00013445
 178.19087328  -27.64310204 -556.81424735
 178.14453995  -27.62474442 -561.97003583
 178.09822217  -27.60637142 -569.36802644
 178.05191992  -27.58798305 -574.20248222
 178.00563321  -27.56957932 -580.82763162
 177.95936202  -27.55116026 -588.26740093
 177.91310636  -27.53272588 -595.21031214
 177.86686622  -27.51427620 -602.59962071
 177.82064160  -27.49581123 -609.54058617
 177.77443248  -27.47733100 -617.03292631
 177.72823888  -27.45883551 -624.92163051
 177.68206077  -27.44032479 -632.37919554
 177.63589816  -27.42179886 -642.30899914
 177.58975104  -27.40325773 -649.84881026
 177.54361941  -27.38470141 -659.38203430
 177.49750327  -27.36612993 -667.24726715
 177.45140259  -27.34754330 -676.80576717
 177.40531740  -27.32894155 -685.67073031
 177.35924767  -27.31032468 -688.42651367
