 182.26000000  -32.94000000   -8.95564013
 182.20787801  -32.92959428   -9.12582454
 182.15576829  -32.91916694   -9.39383907
 182.10367086  -32.90871798   -9.67529578
 182.05158575  -32.89824742  -10.01497493
 181.99951295  -32.88775527  -10.35795791
 181.94745250  -32.87724155  -10.75032997
 181.89540441  -32.86670626  -11.30610147
 181.84336870  -32.85614943  -11.78430241
 181.79134539  -32.84557107  -12.38628080
 181.73933448  -32.83497119  -13.12346649
 181.68733601  -32.82434980  -14.08119524
 181.63534999  -32.81370692  -14.93052616
 181.58337642  -32.80304256  -16.07916179
 181.53141534  -32.79235674  -17.27795425
 181.47946676  -32.78164948  -18.88973012
 181.42753069  -32.77092077  -20.45990565
 181.37560716  -32.76017065  -22.10447978
 181.32369617  -32.74939911  -24.29909280
 181.27179775  -32.73860619  -26.71423028
 181.21991191  -32.72779188  -28.86555782
 181.16803866  -32.71695621  -31.36476136
 181.11617804  -32.70609919  -34.49948579
 181.06433004  -32.69522083  -37.26229891
 181.01249470  -32.68432115  -40.47509293
 180.96067201  -32.67340016  -43.35921236
 180.90886201  -32.66245787  -47.29789814
 180.85706471  -32.65149431  -51.08929582
 180.80528011  -32.64050947  -54.63168889
 180.75350825  -32.62950339  -58.27837640
 180.70174914  -32.61847607  -62.64182542
 180.65000278  -32.60742752  -67.68854909
 180.59826920  -32.59635776  -72.03842926
 180.54654842  -32.58526681  -77.71711545
 180.49484044  -32.57415468  -83.27625345
 180.44314529  -32.56302138  -88.45351989
 180.39146298  -32.55186693  -93.90292894
 180.33979352  -32.54069134  -99.97781999
 180.28813694  -32.52949463 -107.36252073
 180.23649324  -32.51827680 -113.78116728
 180.18486245  -32.50703789 -119.89536716
 180.13324457  -32.49577789 -127.44139196
 180.08163963  -32.48449682 -136.22092133
 180.03004764  -32.47319471 -143.96283977
 179.97846861  -32.46187155 -151.51243984
 179.92690256  -32.45052738 -160.90037564
 179.87534950  -32.43916219 -170.61580848
 179.82380946  -32.42777602 -179.49254077
 179.77228243  -32.41636886 -188.71477405
 179.72076845  -32.40494074 -199.86967958
 179.66926752  -32.39349166 -209.04416417
 179.61777966  -32.38202166 -220.02378490
 179.56630488  -32.37053073 -230.16285696
 179.51484321  -32.35901889 -242.45434362
 179.46339464  -32.34748616 -253.00314707
 179.41195920  -32.33593256 -264.06083759
 179.36053691  -32.32435809 -273.79853805
 179.30912777  -32.31276278 -286.29484519
 179.25773180  -32.30114663 -297.42065215
 179.20634902  -32.28950966 -307.20269167
 179.15497943  -32.27785189 -316.68019535
 179.10362306  -32.26617333 -327.66759359
 179.05227992  -32.25447400 -339.04437393
 179.00095002  -32.24275390 -349.94063554
 178.94963338  -32.23101306 -358.46243175
 178.89833000  -32.21925149 -367.14930836
 178.84703991  -32.20746921 -376.73318661
 178.79576312  -32.19566622 -385.80656875
 178.74449964  -32.18384255 -394.30058986
 178.69324948  -32.17199821 -403.05549826
 178.64201267  -32.16013321 -410.85327003
 178.59078920  -32.14824757 -418.47996550
 178.53957911  -32.13634131 -426.03536745
 178.48838239  -32.12441443 -433.01870427
 178.43719906  -32.11246696 -440.25231414
 178.38602914  -32.10049890 -446.93509629
 178.33487264  -32.08851028 -453.72449426
 178.28372958  -32.07650111 -459.82733602
 178.23259996  -32.06447140 -466.17422726
 178.18148380  -32.05242117 -472.76317349
 178.13038111  -32.04035043 -478.68495408
 178.07929191  -32.02825920 -485.04303262
 178.02821620  -32.01614749 -490.75812368
 177.97715401  -32.00401532 -497.22455164
 177.92610534  -31.99186271 -502.96060621
 177.87507021  -31.97968966 -509.09437819
 177.82404863  -31.96749620 -514.93925874
 177.77304061  -31.95528234 -520.90998175
 177.72204616  -31.94304809 -526.61883648
 177.67106531  -31.93079346 -532.93218216
 177.62009805  -31.91851849 -538.78279953
 177.56914440  -31.90622317 -545.16047702
 177.51820438  -31.89390752 -551.47620974
 177.46727800  -31.88157157 -557.74564841
 177.41636527  -31.86921532 -564.65983225
 177.36546619  -31.85683879 -571.03764827
 177.31458080  -31.84444199 -578.15685799
 177.26370908  -31.83202495 -585.60359325
 177.21285107  -31.81958767 -592.43580822
 177.16200676  -31.80713017 -596.27073695
