1.868700000000000045e+02 -1.998999999999999844e+01 -7.462726420000000083e+00
1.868198721599999885e+02 -1.998999130999999707e+01 -7.567853310000000278e+00
1.867697443399999884e+02 -1.998996521999999842e+01 -7.808322829999999826e+00
1.867196165499999836e+02 -1.998992175999999787e+01 -8.070844709999999367e+00
1.866694887999999821e+02 -1.998986089999999649e+01 -8.361716200000000043e+00
1.866193611099999998e+02 -1.998978265999999948e+01 -8.688904069999999535e+00
1.865692334999999957e+02 -1.998968701999999809e+01 -9.062120710000000301e+00
1.865191059800000062e+02 -1.998957400999999834e+01 -9.492813449999999875e+00
1.864689785599999823e+02 -1.998944359999999776e+01 -9.994051260000000880e+00
1.864188512599999967e+02 -1.998929580999999800e+01 -1.058028292000000015e+01
1.863687240999999801e+02 -1.998913062999999823e+01 -1.126695250000000037e+01
1.863185970899999973e+02 -1.998894805999999846e+01 -1.206998162999999913e+01
1.862684702399999992e+02 -1.998874810999999951e+01 -1.300511799999999951e+01
1.862183435700000018e+02 -1.998853076999999701e+01 -1.408717024999999978e+01
1.861682170999999926e+02 -1.998829604999999887e+01 -1.532918482000000004e+01
1.861180908299999999e+02 -1.998804393999999718e+01 -1.674161662999999933e+01
1.860679647899999907e+02 -1.998777443999999903e+01 -1.833156792000000124e+01
1.860178389999999808e+02 -1.998748755999999815e+01 -2.010217334000000022e+01
1.859677134499999909e+02 -1.998718328999999727e+01 -2.205221184999999906e+01
1.859175881799999956e+02 -1.998686163999999721e+01 -2.417601107999999854e+01
1.858674631899999952e+02 -1.998652260999999797e+01 -2.646368423999999919e+01
1.858173385000000053e+02 -1.998616618999999872e+01 -2.890171583000000055e+01
1.857672141200000056e+02 -1.998579238999999674e+01 -3.147387476000000106e+01
1.857170900799999913e+02 -1.998540119999999831e+01 -3.416239314999999976e+01
1.856669663799999910e+02 -1.998499262999999715e+01 -3.694932453999999922e+01
1.856168430299999841e+02 -1.998456667999999681e+01 -3.981796183000000156e+01
1.855667200700000024e+02 -1.998412334999999729e+01 -4.275418813999999657e+01
1.855165974899999810e+02 -1.998366263999999859e+01 -4.574763177999999897e+01
1.854664753200000007e+02 -1.998318453999999633e+01 -4.879251595000000208e+01
1.854163535600000046e+02 -1.998268906999999928e+01 -5.188813738000000342e+01
1.853662322499999959e+02 -1.998217620999999866e+01 -5.503891052000000172e+01
1.853161113799999953e+02 -1.998164597999999970e+01 -5.825400631000000118e+01
1.852659909699999901e+02 -1.998109836999999800e+01 -6.154663259000000153e+01
1.852158710500000041e+02 -1.998053337999999712e+01 -6.493303579000000525e+01
1.851657516199999804e+02 -1.997995100999999707e+01 -6.843133826999999769e+01
1.851156326899999840e+02 -1.997935125999999784e+01 -7.206033641000000500e+01
1.850655142999999896e+02 -1.997873413999999670e+01 -7.583836381999999787e+01
1.850153964399999893e+02 -1.997809964999999721e+01 -7.978232500999999388e+01
1.849652791299999990e+02 -1.997744776999999772e+01 -8.390697477000000504e+01
1.849151623999999856e+02 -1.997677852999999715e+01 -8.822444303000000332e+01
1.848650462500000060e+02 -1.997609190999999740e+01 -9.274402661999999964e+01
1.848149306999999908e+02 -1.997538791999999930e+01 -9.747220826000000216e+01
1.847648157600000047e+02 -1.997466654999999847e+01 -1.024128589599999941e+02
1.847147014499999784e+02 -1.997392781999999656e+01 -1.075675222999999932e+02
1.846645877800000051e+02 -1.997317170999999902e+01 -1.129357395499999939e+02
1.846144747699999868e+02 -1.997239822999999959e+01 -1.185153785199999987e+02
1.845643624399999965e+02 -1.997160738999999907e+01 -1.243028895100000000e+02
1.845142507999999850e+02 -1.997079917999999665e+01 -1.309782985200000098e+02
1.844641398499999809e+02 -1.996997359999999944e+01 -1.366056869699999936e+02
1.844140296299999875e+02 -1.996913064999999676e+01 -1.430219674900000086e+02
1.843639201400000047e+02 -1.996827033999999657e+01 -1.496216915599999879e+02
1.843138113999999916e+02 -1.996739266999999884e+01 -1.563948134100000118e+02
1.842637034199999846e+02 -1.996649762999999922e+01 -1.633301693399999976e+02
1.842135962199999994e+02 -1.996558521999999769e+01 -1.704154849399999989e+02
1.841634898099999873e+02 -1.996465545999999947e+01 -1.776373768400000017e+02
1.841133842099999924e+02 -1.996370833999999661e+01 -1.849813334300000065e+02
1.840632794400000023e+02 -1.996274384999999896e+01 -1.924316932799999904e+02
1.840131754999999885e+02 -1.996176200999999750e+01 -1.999716002000000117e+02
1.839630724099999952e+02 -1.996076280999999852e+01 -2.075830037800000127e+02
1.839129701899999816e+02 -1.995974624999999847e+01 -2.152466583800000137e+02
1.838628688499999839e+02 -1.995871233999999816e+01 -2.229421722799999941e+02
1.838127684099999897e+02 -1.995766107999999761e+01 -2.306481398200000115e+02
1.837626688799999783e+02 -1.995659245999999953e+01 -2.383423946700000045e+02
1.837125702799999942e+02 -1.995550648999999765e+01 -2.460023597100000075e+02
1.836624726199999884e+02 -1.995440315999999825e+01 -2.536054997100000037e+02
1.836123759200000052e+02 -1.995328248999999943e+01 -2.611299396800000068e+02
1.835622801899999956e+02 -1.995214446999999680e+01 -2.685551515500000050e+02
1.835121854399999961e+02 -1.995098909999999748e+01 -2.758626309800000058e+02
1.834620917000000020e+02 -1.994981638999999873e+01 -2.839532191700000112e+02
1.834119989699999849e+02 -1.994862632999999974e+01 -2.909858774400000243e+02
1.833619072699999890e+02 -1.994741892999999777e+01 -2.978645057200000110e+02
1.833118166200000019e+02 -1.994619417999999911e+01 -3.039122567800000070e+02
1.832617270300000030e+02 -1.994495209999999830e+01 -3.104600209100000257e+02
1.832116385199999797e+02 -1.994369266999999724e+01 -3.168522414000000254e+02
1.831615510899999890e+02 -1.994241590999999758e+01 -3.230950537499999768e+02
1.831114647699999978e+02 -1.994112180999999850e+01 -3.291967446799999948e+02
1.830613795699999855e+02 -1.993981036999999645e+01 -3.351668157199999882e+02
1.830112954999999886e+02 -1.993848159999999936e+01 -3.410149523300000283e+02
1.829612125900000024e+02 -1.993713549999999657e+01 -3.467501011900000094e+02
1.829111308299999905e+02 -1.993577205999999791e+01 -3.523796114200000034e+02
1.828610502599999847e+02 -1.993439129999999793e+01 -3.579085678399999892e+02
1.828109708799999851e+02 -1.993299320999999935e+01 -3.633394483700000137e+02
1.827608927099999789e+02 -1.993157778999999863e+01 -3.686720864900000265e+02
1.827108157600000027e+02 -1.993014503999999931e+01 -3.739039641900000106e+02
1.826607400499999869e+02 -1.992869496999999868e+01 -3.790307464200000140e+02
1.826106656000000044e+02 -1.992722757999999672e+01 -3.840471263499999850e+02
1.825605924099999982e+02 -1.992574286999999700e+01 -3.889478297399999747e+02
1.825105204999999842e+02 -1.992424082999999868e+01 -3.937286249200000157e+02
1.824604498899999783e+02 -1.992272147999999632e+01 -3.990085568000000080e+02
1.824103805999999963e+02 -1.992118481999999702e+01 -4.035109058799999957e+02
1.823603126299999815e+02 -1.991963083999999640e+01 -4.078996415199999888e+02
1.823102459999999780e+02 -1.991805954999999884e+01 -4.119509609300000079e+02
1.822601807199999939e+02 -1.991647093999999640e+01 -4.161652966500000161e+02
1.822101168199999961e+02 -1.991486502999999786e+01 -4.203020047599999884e+02
1.821600542999999846e+02 -1.991324180999999882e+01 -4.243815541100000246e+02
1.821099931899999831e+02 -1.991160127999999929e+01 -4.284268198799999823e+02
1.820599334899999917e+02 -1.990994344999999655e+01 -4.324619681699999774e+02
1.820098752199999979e+02 -1.990826830999999686e+01 -4.365112798900000257e+02
1.819598183899999810e+02 -1.990657587999999834e+01 -4.405979351999999949e+02
1.819097630199999855e+02 -1.990486613999999932e+01 -4.447428379400000154e+02
1.818597091299999988e+02 -1.990313910999999791e+01 -4.489636315399999944e+02
1.818096567199999924e+02 -1.990139477999999684e+01 -4.537967421999999829e+02
1.817596058199999902e+02 -1.989963315999999693e+01 -4.582543121599999836e+02
1.817095564400000001e+02 -1.989785424999999819e+01 -4.628207253300000161e+02
1.816595085799999936e+02 -1.989605804999999705e+01 -4.674936874100000068e+02
1.816094622800000025e+02 -1.989424455999999708e+01 -4.717775078899999812e+02
1.815594175399999983e+02 -1.989241378999999910e+01 -4.766044088799999940e+02
1.815093743699999891e+02 -1.989056572999999872e+01 -4.815005514700000049e+02
1.814593327899999906e+02 -1.988870037999999951e+01 -4.864460773000000131e+02
1.814092928199999903e+02 -1.988681775999999957e+01 -4.914188255000000254e+02
1.813592544699999962e+02 -1.988491785999999806e+01 -4.963955778100000202e+02
1.813092177599999957e+02 -1.988300068999999937e+01 -5.013534639599999991e+02
1.812591826899999887e+02 -1.988106623999999911e+01 -5.062713926399999878e+02
1.812091492899999992e+02 -1.987911451999999812e+01 -5.111314582399999722e+02
1.811591175699999781e+02 -1.987714552999999640e+01 -5.159202302400000235e+02
1.811090875399999902e+02 -1.987515926999999749e+01 -5.206298369400000183e+02
1.810590592099999867e+02 -1.987315573999999785e+01 -5.259921951300000273e+02
1.810090326199999993e+02 -1.987113494999999830e+01 -5.305128943500000105e+02
1.809590077499999836e+02 -1.986909689999999884e+01 -5.349740431899999749e+02
1.809089846399999999e+02 -1.986704158999999947e+01 -5.393792951399999538e+02
1.808589632999999992e+02 -1.986496902999999747e+01 -5.437966661100000465e+02
1.808089437299999815e+02 -1.986287920999999912e+01 -5.482234707100000151e+02
1.807589259599999991e+02 -1.986077212999999730e+01 -5.526940317800000457e+02
1.807089100000000030e+02 -1.985864780999999724e+01 -5.572451622300000054e+02
1.806588958699999807e+02 -1.985650623999999809e+01 -5.619150980599999912e+02
1.806088835699999890e+02 -1.985434741999999630e+01 -5.667421699799999715e+02
1.805588731299999949e+02 -1.985217134999999899e+01 -5.717636101199999530e+02
1.805088645499999984e+02 -1.984997804999999715e+01 -5.778166629999999486e+02
1.804588578599999948e+02 -1.984776750999999706e+01 -5.834152412400000003e+02
1.804088530599999842e+02 -1.984553972999999871e+01 -5.893164361599999665e+02
1.803588501799999904e+02 -1.984329470999999856e+01 -5.949339658899999677e+02
1.803088492199999848e+02 -1.984103246999999826e+01 -6.014106829400000152e+02
1.802588501999999835e+02 -1.983875298999999970e+01 -6.082381293600000163e+02
1.802088531299999943e+02 -1.983645628999999744e+01 -6.154285365700000057e+02
1.801588580300000046e+02 -1.983414235999999775e+01 -6.229902358499999764e+02
1.801088649200000020e+02 -1.983181120999999791e+01 -6.309273652099999481e+02
1.800588737999999864e+02 -1.982946283999999793e+01 -6.392392326000000367e+02
1.800088846999999816e+02 -1.982709724999999779e+01 -6.479194226500000013e+02
1.799588976199999877e+02 -1.982471444999999832e+01 -6.569547638200000392e+02
1.799089125899999999e+02 -1.982231443999999954e+01 -6.675286979999999630e+02
1.798589295999999820e+02 -1.981989720999999705e+01 -6.771551980299999514e+02
1.798089486899999940e+02 -1.981746277999999961e+01 -6.863736799199999723e+02
1.797589698699999872e+02 -1.981501113999999930e+01 -6.964963427400000455e+02
1.797089931399999898e+02 -1.981254229999999694e+01 -7.004039306600000145e+02
