 183.35000000  -30.47000000   -9.08767605
 183.30006347  -30.45699033   -9.30073659
 183.25014028  -30.44396165   -9.55947329
 183.20023044  -30.43091397   -9.84319772
 183.15033396  -30.41784731  -10.14738061
 183.10045085  -30.40476168  -10.49801178
 183.05058112  -30.39165710  -10.85012704
 183.00072478  -30.37853358  -11.27622973
 182.95088183  -30.36539115  -11.76090894
 182.90105229  -30.35222980  -12.33633746
 182.85123616  -30.33904956  -12.87386688
 182.80143345  -30.32585045  -13.74995243
 182.75164417  -30.31263247  -14.52344505
 182.70186834  -30.29939565  -15.70043950
 182.65210594  -30.28614000  -16.70529841
 182.60235701  -30.27286553  -18.36141249
 182.55262154  -30.25957226  -19.78440765
 182.50289954  -30.24626020  -21.64056791
 182.45319101  -30.23292937  -23.54432269
 182.40349598  -30.21957978  -25.99418470
 182.35381445  -30.20621146  -28.70536964
 182.30414641  -30.19282441  -31.54336894
 182.25449189  -30.17941864  -34.39003468
 182.20485089  -30.16599418  -38.00624137
 182.15522342  -30.15255105  -41.96777164
 182.10560948  -30.13908924  -45.54913071
 182.05600909  -30.12560879  -50.46877930
 182.00642224  -30.11210970  -54.17382056
 181.95684896  -30.09859199  -58.94590771
 181.90728924  -30.08505568  -63.41445708
 181.85774310  -30.07150078  -68.67551750
 181.80821054  -30.05792730  -73.96761190
 181.75869156  -30.04433527  -79.56339986
 181.70918618  -30.03072469  -84.72015138
 181.65969441  -30.01709559  -90.90558596
 181.61021625  -30.00344797  -97.17241149
 181.56075170  -29.98978185 -103.31851526
 181.51130078  -29.97609726 -108.94937964
 181.46186349  -29.96239419 -116.74015382
 181.41243984  -29.94867267 -123.71196109
 181.36302984  -29.93493272 -130.99651965
 181.31363349  -29.92117435 -137.71328433
 181.26425080  -29.90739757 -146.73899768
 181.21488178  -29.89360240 -154.31230672
 181.16552643  -29.87978885 -162.53456065
 181.11618476  -29.86595694 -171.11928253
 181.06685678  -29.85210669 -181.22775503
 181.01754250  -29.83823811 -190.86107125
 180.96824191  -29.82435122 -199.32569543
 180.91895504  -29.81044603 -210.41925729
 180.86968187  -29.79652255 -219.65110181
 180.82042243  -29.78258081 -229.83617391
 180.77117671  -29.76862082 -239.83362826
 180.72194472  -29.75464259 -251.07279432
 180.67272648  -29.74064613 -260.59178262
 180.62352198  -29.72663147 -271.50023170
 180.57433123  -29.71259862 -281.54928493
 180.52515424  -29.69854760 -292.06029015
 180.47599101  -29.68447841 -302.42502702
 180.42684156  -29.67039109 -311.94547907
 180.37770588  -29.65628563 -321.66786956
 180.32858398  -29.64216206 -330.21393873
 180.27947587  -29.62802039 -339.67536474
 180.23038155  -29.61386064 -347.80580064
 180.18130103  -29.59968282 -355.55609946
 180.13223432  -29.58548695 -362.65477209
 180.08318142  -29.57127304 -370.73836430
 180.03414234  -29.55704112 -377.09455146
 179.98511707  -29.54279119 -382.88296042
 179.93610564  -29.52852326 -389.58006363
 179.88710804  -29.51423737 -394.30600000
 179.83812428  -29.49993352 -399.36000807
 179.78915436  -29.48561172 -404.17548730
 179.74019829  -29.47127200 -408.71969443
 179.69125607  -29.45691436 -412.72152243
 179.64232772  -29.44253883 -416.74151242
 179.59341323  -29.42814542 -420.78099406
 179.54451261  -29.41373414 -424.45188829
 179.49562587  -29.39930501 -427.70732222
 179.44675300  -29.38485805 -431.75071871
 179.39789403  -29.37039327 -434.68832005
 179.34904894  -29.35591068 -438.38634055
 179.30021775  -29.34141031 -442.12171455
 179.25140046  -29.32689217 -445.96363699
 179.20259707  -29.31235627 -449.20125892
 179.15380759  -29.29780263 -453.55844998
 179.10503203  -29.28323127 -457.20628725
 179.05627039  -29.26864220 -461.40613339
 179.00752267  -29.25403543 -465.91622575
 178.95878888  -29.23941098 -470.16587926
 178.91006902  -29.22476888 -473.88574972
 178.86136310  -29.21010912 -479.12514929
 178.81267112  -29.19543174 -483.58173664
 178.76399308  -29.18073674 -487.69125713
 178.71532900  -29.16602413 -493.09109212
 178.66667887  -29.15129395 -497.72715337
 178.61804270  -29.13654620 -502.91977756
 178.56942049  -29.12178089 -507.34658967
 178.52081225  -29.10699805 -512.80913090
 178.47221798  -29.09219768 -518.11336572
 178.42363769  -29.07737981 -523.59822818
 178.37507138  -29.06254445 -529.34810762
 178.32651905  -29.04769161 -535.22613287
 178.27798070  -29.03282132 -541.51614696
 178.22945635  -29.01793358 -547.84957530
 178.18094599  -29.00302841 -554.04541609
 178.13244963  -28.98810584 -560.28350346
 178.08396727  -28.97316586 -568.15985211
 178.03549892  -28.95820851 -574.16911397
 177.98704457  -28.94323379 -581.35182672
 177.93860424  -28.92824173 -589.94353063
 177.89017793  -28.91323233 -596.36747292
 177.84176563  -28.89820561 -602.30126953
